mu: [1, 1] sd: [1, 1]
mu: [1, 1] sd: [1, 1]
1.21517656996e-08 0 0.5
1.21517656996e-08 1 0.5
mu: [1, 1] sd: [1, 1]
mu: [1, 1] sd: [1, 1]
9.79725801994e-12 0 0.5
9.79725801994e-12 1 0.5
mu: [1, 1] sd: [1, 1]
mu: [1, 1] sd: [1, 1]
1.05067963822e-11 0 0.5
1.05067963822e-11 1 0.5
mu: [1, 1] sd: [1, 1]
mu: [1, 1] sd: [1, 1]
1.12665920564e-11 0 0.5
1.12665920564e-11 1 0.5
mu: [1, 1] sd: [1, 1]
mu: [1, 1] sd: [1, 1]
1.20801216232e-11 0 0.5
1.20801216232e-11 1 0.5
mu: [1, 1] sd: [1, 1]
mu: [1, 1] sd: [1, 1]
2.20445425946e-08 0 0.5
2.20445425946e-08 1 0.5
mu: [1, 1] sd: [1, 1]
mu: [1, 1] sd: [1, 1]
2.48034010627e-08 0 0.5
2.48034010627e-08 1 0.5
mu: [1, 1] sd: [1, 1]
mu: [1, 1] sd: [1, 1]
2.78963455312e-08 0 0.5
2.78963455312e-08 1 0.5
mu: [1, 1] sd: [1, 1]
mu: [1, 1] sd: [1, 1]
1.59496475797e-11 0 0.5
1.59496475797e-11 1 0.5
mu: [1, 1] sd: [1, 1]
mu: [1, 1] sd: [1, 1]
1.70927620366e-11 0 0.5
1.70927620366e-11 1 0.5
mu: [1, 1] sd: [1, 1]
mu: [1, 1] sd: [1, 1]
3.95923384249e-08 0 0.5
3.95923384249e-08 1 0.5
mu: [1, 1] sd: [1, 1]
mu: [1, 1] sd: [1, 1]
1.96247443203e-11 0 0.5
1.96247443203e-11 1 0.5
mu: [1, 1] sd: [1, 1]
mu: [1, 1] sd: [1, 1]
2.10249326376e-11 0 0.5
2.10249326376e-11 1 0.5
mu: [1, 1] sd: [1, 1]
mu: [1, 1] sd: [1, 1]
5.59897335424e-08 0 0.5
5.59897335424e-08 1 0.5
mu: [1, 1] sd: [1, 1]
mu: [1, 1] sd: [1, 1]
6.27951378827e-08 0 0.5
6.27951378827e-08 1 0.5
mu: [1, 1] sd: [1, 1]
mu: [1, 1] sd: [1, 1]
7.03994993e-08 0 0.5
7.03994993e-08 1 0.5
mu: [1, 1] sd: [1, 1]
mu: [1, 1] sd: [1, 1]
7.88931063795e-08 0 0.5
7.88931063795e-08 1 0.5
mu: [1, 1] sd: [1, 1]
mu: [1, 1] sd: [1, 1]
2.9630221305e-11 0 0.5
2.9630221305e-11 1 0.5
mu: [1, 1] sd: [1, 1]
mu: [1, 1] sd: [1, 1]
9.89591216072e-08 0 0.5
9.89591216072e-08 1 0.5
mu: [1, 1] sd: [1, 1]
mu: [1, 1] sd: [1, 1]
3.39649041234e-11 0 0.5
3.39649041234e-11 1 0.5
mu: [1, 1] sd: [1, 1]
mu: [1, 1] sd: [1, 1]
1.23929969799e-07 0 0.5
1.23929969799e-07 1 0.5
mu: [1, 1] sd: [1, 1]
mu: [1, 1] sd: [1, 1]
3.891811751e-11 0 0.5
3.891811751e-11 1 0.5
mu: [1, 1] sd: [1, 1]
mu: [1, 1] sd: [1, 1]
4.1653094e-11 0 0.5
4.1653094e-11 1 0.5
mu: [1, 1] sd: [1, 1]
mu: [1, 1] sd: [1, 1]
1.7316161155e-07 0 0.5
1.7316161155e-07 1 0.5
mu: [1, 1] sd: [1, 1]
mu: [1, 1] sd: [1, 1]
4.76988161005e-11 0 0.5
4.76988161005e-11 1 0.5
mu: [1, 1] sd: [1, 1]
mu: [1, 1] sd: [1, 1]
2.15988920374e-07 0 0.5
2.15988920374e-07 1 0.5
mu: [1, 1] sd: [1, 1]
mu: [1, 1] sd: [1, 1]
2.41079511251e-07 0 0.5
2.41079511251e-07 1 0.5
mu: [1, 1] sd: [1, 1]
mu: [1, 1] sd: [1, 1]
5.84079181334e-11 0 0.5
5.84079181334e-11 1 0.5
mu: [1, 1] sd: [1, 1]
mu: [1, 1] sd: [1, 1]
2.99982391111e-07 0 0.5
2.99982391111e-07 1 0.5
mu: [1, 1] sd: [1, 1]
mu: [1, 1] sd: [1, 1]
3.34427816984e-07 0 0.5
3.34427816984e-07 1 0.5
mu: [1, 1] sd: [1, 1]
mu: [1, 1] sd: [1, 1]
7.14569056382e-11 0 0.5
7.14569056382e-11 1 0.5
mu: [1, 1] sd: [1, 1]
mu: [1, 1] sd: [1, 1]
7.64096128234e-11 0 0.5
7.64096128234e-11 1 0.5
mu: [1, 1] sd: [1, 1]
mu: [1, 1] sd: [1, 1]
8.16974076425e-11 0 0.5
8.16974076425e-11 1 0.5
mu: [1, 1] sd: [1, 1]
mu: [1, 1] sd: [1, 1]
8.73423829656e-11 0 0.5
8.73423829656e-11 1 0.5
mu: [1, 1] sd: [1, 1]
mu: [1, 1] sd: [1, 1]
5.72432871688e-07 0 0.5
5.72432871688e-07 1 0.5
mu: [1, 1] sd: [1, 1]
mu: [1, 1] sd: [1, 1]
9.97994179545e-11 0 0.5
9.97994179545e-11 1 0.5
mu: [1, 1] sd: [1, 1]
mu: [1, 1] sd: [1, 1]
1.06663104429e-10 0 0.5
1.06663104429e-10 1 0.5
mu: [1, 1] sd: [1, 1]
mu: [1, 1] sd: [1, 1]
7.86482527114e-07 0 0.5
7.86482527114e-07 1 0.5
mu: [1, 1] sd: [1, 1]
mu: [1, 1] sd: [1, 1]
1.21802469303e-10 0 0.5
1.21802469303e-10 1 0.5
mu: [1, 1] sd: [1, 1]
mu: [1, 1] sd: [1, 1]
1.30140285389e-10 0 0.5
1.30140285389e-10 1 0.5
mu: [1, 1] sd: [1, 1]
mu: [1, 1] sd: [1, 1]
1.07668087906e-06 0 0.5
1.07668087906e-06 1 0.5
mu: [1, 1] sd: [1, 1]
mu: [1, 1] sd: [1, 1]
1.19455140344e-06 0 0.5
1.19455140344e-06 1 0.5
mu: [1, 1] sd: [1, 1]
mu: [1, 1] sd: [1, 1]
1.58641804779e-10 0 0.5
1.58641804779e-10 1 0.5
mu: [1, 1] sd: [1, 1]
mu: [1, 1] sd: [1, 1]
1.69433482813e-10 0 0.5
1.69433482813e-10 1 0.5
mu: [1, 1] sd: [1, 1]
mu: [1, 1] sd: [1, 1]
1.62747368737e-06 0 0.5
1.62747368737e-06 1 0.5
mu: [1, 1] sd: [1, 1]
mu: [1, 1] sd: [1, 1]
1.80275021144e-06 0 0.5
1.80275021144e-06 1 0.5
mu: [1, 1] sd: [1, 1]
mu: [1, 1] sd: [1, 1]
1.99610355848e-06 0 0.5
1.99610355848e-06 1 0.5
mu: [1, 1] sd: [1, 1]
mu: [1, 1] sd: [1, 1]
2.20930928023e-06 0 0.5
2.20930928023e-06 1 0.5
mu: [1, 1] sd: [1, 1]
mu: [1, 1] sd: [1, 1]
2.44430783026e-06 0 0.5
2.44430783026e-06 1 0.5
mu: [1, 1] sd: [1, 1]
mu: [1, 1] sd: [1, 1]
2.70321890155e-06 0 0.5
2.70321890155e-06 1 0.5
mu: [1, 1] sd: [1, 1]
mu: [1, 1] sd: [1, 1]
2.98835691417e-06 0 0.5
2.98835691417e-06 1 0.5
mu: [1, 1] sd: [1, 1]
mu: [1, 1] sd: [1, 1]
3.30224773611e-06 0 0.5
3.30224773611e-06 1 0.5
mu: [1, 1] sd: [1, 1]
mu: [1, 1] sd: [1, 1]
3.04982811788e-10 0 0.5
3.04982811788e-10 1 0.5
mu: [1, 1] sd: [1, 1]
mu: [1, 1] sd: [1, 1]
3.25403182343e-10 0 0.5
3.25403182343e-10 1 0.5
mu: [1, 1] sd: [1, 1]
mu: [1, 1] sd: [1, 1]
4.44525635456e-06 0 0.5
4.44525635456e-06 1 0.5
mu: [1, 1] sd: [1, 1]
mu: [1, 1] sd: [1, 1]
4.90430796061e-06 0 0.5
4.90430796061e-06 1 0.5
mu: [1, 1] sd: [1, 1]
mu: [1, 1] sd: [1, 1]
3.95002634943e-10 0 0.5
3.95002634943e-10 1 0.5
mu: [1, 1] sd: [1, 1]
mu: [1, 1] sd: [1, 1]
4.21281471521e-10 0 0.5
4.21281471521e-10 1 0.5
mu: [1, 1] sd: [1, 1]
mu: [1, 1] sd: [1, 1]
6.57016240384e-06 0 0.5
6.57016240384e-06 1 0.5
mu: [1, 1] sd: [1, 1]
mu: [1, 1] sd: [1, 1]
7.23703651173e-06 0 0.5
7.23703651173e-06 1 0.5
mu: [1, 1] sd: [1, 1]
mu: [1, 1] sd: [1, 1]
5.1077350143e-10 0 0.5
5.1077350143e-10 1 0.5
mu: [1, 1] sd: [1, 1]
mu: [1, 1] sd: [1, 1]
8.77016742688e-06 0 0.5
8.77016742688e-06 1 0.5
mu: [1, 1] sd: [1, 1]
mu: [1, 1] sd: [1, 1]
5.80472222904e-10 0 0.5
5.80472222904e-10 1 0.5
mu: [1, 1] sd: [1, 1]
mu: [1, 1] sd: [1, 1]
6.18717941605e-10 0 0.5
6.18717941605e-10 1 0.5
mu: [1, 1] sd: [1, 1]
mu: [1, 1] sd: [1, 1]
6.5941748841e-10 0 0.5
6.5941748841e-10 1 0.5
mu: [1, 1] sd: [1, 1]
mu: [1, 1] sd: [1, 1]
7.02723853194e-10 0 0.5
7.02723853194e-10 1 0.5
mu: [1, 1] sd: [1, 1]
mu: [1, 1] sd: [1, 1]
1.40792504772e-05 0 0.5
1.40792504772e-05 1 0.5
mu: [1, 1] sd: [1, 1]
mu: [1, 1] sd: [1, 1]
1.54586536969e-05 0 0.5
1.54586536969e-05 1 0.5
mu: [1, 1] sd: [1, 1]
mu: [1, 1] sd: [1, 1]
8.4995571911e-10 0 0.5
8.4995571911e-10 1 0.5
mu: [1, 1] sd: [1, 1]
mu: [1, 1] sd: [1, 1]
9.05412465138e-10 0 0.5
9.05412465138e-10 1 0.5
mu: [1, 1] sd: [1, 1]
mu: [1, 1] sd: [1, 1]
9.64390939833e-10 0 0.5
9.64390939833e-10 1 0.5
mu: [1, 1] sd: [1, 1]
mu: [1, 1] sd: [1, 1]
1.02710834457e-09 0 0.5
1.02710834457e-09 1 0.5
mu: [1, 1] sd: [1, 1]
mu: [1, 1] sd: [1, 1]
1.0937948572e-09 0 0.5
1.0937948572e-09 1 0.5
mu: [1, 1] sd: [1, 1]
mu: [1, 1] sd: [1, 1]
2.68577164955e-05 0 0.5
2.68577164955e-05 1 0.5
mu: [1, 1] sd: [1, 1]
mu: [1, 1] sd: [1, 1]
1.24006533337e-09 0 0.5
1.24006533337e-09 1 0.5
mu: [1, 1] sd: [1, 1]
mu: [1, 1] sd: [1, 1]
1.3201814828e-09 0 0.5
1.3201814828e-09 1 0.5
mu: [1, 1] sd: [1, 1]
mu: [1, 1] sd: [1, 1]
3.52101524968e-05 0 0.5
3.52101524968e-05 1 0.5
mu: [1, 1] sd: [1, 1]
mu: [1, 1] sd: [1, 1]
3.85051998195e-05 0 0.5
3.85051998195e-05 1 0.5
mu: [1, 1] sd: [1, 1]
mu: [1, 1] sd: [1, 1]
4.20917314765e-05 0 0.5
4.20917314765e-05 1 0.5
mu: [1, 1] sd: [1, 1]
mu: [1, 1] sd: [1, 1]
1.69416128604e-09 0 0.5
1.69416128604e-09 1 0.5
mu: [1, 1] sd: [1, 1]
mu: [1, 1] sd: [1, 1]
1.80271155001e-09 0 0.5
1.80271155001e-09 1 0.5
mu: [1, 1] sd: [1, 1]
mu: [1, 1] sd: [1, 1]
5.48510096043e-05 0 0.5
5.48510096043e-05 1 0.5
mu: [1, 1] sd: [1, 1]
mu: [1, 1] sd: [1, 1]
5.98640055437e-05 0 0.5
5.98640055437e-05 1 0.5
mu: [1, 1] sd: [1, 1]
mu: [1, 1] sd: [1, 1]
6.53089728422e-05 0 0.5
6.53089728422e-05 1 0.5
mu: [1, 1] sd: [1, 1]
mu: [1, 1] sd: [1, 1]
7.1220639438e-05 0 0.5
7.1220639438e-05 1 0.5
mu: [1, 1] sd: [1, 1]
mu: [1, 1] sd: [1, 1]
2.45544909311e-09 0 0.5
2.45544909311e-09 1 0.5
mu: [1, 1] sd: [1, 1]
mu: [1, 1] sd: [1, 1]
8.45959752942e-05 0 0.5
8.45959752942e-05 1 0.5
mu: [1, 1] sd: [1, 1]
mu: [1, 1] sd: [1, 1]
2.77656725118e-09 0 0.5
2.77656725118e-09 1 0.5
mu: [1, 1] sd: [1, 1]
mu: [1, 1] sd: [1, 1]
0.000100322251848 0 0.5
0.000100322251848 1 0.5
mu: [1, 1] sd: [1, 1]
mu: [1, 1] sd: [1, 1]
3.13842239046e-09 0 0.5
3.13842239046e-09 1 0.5
mu: [1, 1] sd: [1, 1]
mu: [1, 1] sd: [1, 1]
0.000118781438085 0 0.5
0.000118781438085 1 0.5
mu: [1, 1] sd: [1, 1]
mu: [1, 1] sd: [1, 1]
3.54601464025e-09 0 0.5
3.54601464025e-09 1 0.5
mu: [1, 1] sd: [1, 1]
mu: [1, 1] sd: [1, 1]
3.76868479139e-09 0 0.5
3.76868479139e-09 1 0.5
mu: [1, 1] sd: [1, 1]
mu: [1, 1] sd: [1, 1]
0.000152570316284 0 0.5
0.000152570316284 1 0.5
mu: [1, 1] sd: [1, 1]
mu: [1, 1] sd: [1, 1]
4.25557106414e-09 0 0.5
4.25557106414e-09 1 0.5
mu: [1, 1] sd: [1, 1]
mu: [1, 1] sd: [1, 1]
4.52143809043e-09 0 0.5
4.52143809043e-09 1 0.5
mu: [1, 1] sd: [1, 1]
mu: [1, 1] sd: [1, 1]
0.000195265232271 0 0.5
0.000195265232271 1 0.5
mu: [1, 1] sd: [1, 1]
mu: [1, 1] sd: [1, 1]
5.10250597811e-09 0 0.5
5.10250597811e-09 1 0.5
mu: [1, 1] sd: [1, 1]
mu: [1, 1] sd: [1, 1]
5.4196559094e-09 0 0.5
5.4196559094e-09 1 0.5
mu: [1, 1] sd: [1, 1]
mu: [1, 1] sd: [1, 1]
0.000249007946289 0 0.5
0.000249007946289 1 0.5
mu: [1, 1] sd: [1, 1]
mu: [1, 1] sd: [1, 1]
6.11248138102e-09 0 0.5
6.11248138102e-09 1 0.5
mu: [1, 1] sd: [1, 1]
mu: [1, 1] sd: [1, 1]
0.000292236909927 0 0.5
0.000292236909927 1 0.5
mu: [1, 1] sd: [1, 1]
mu: [1, 1] sd: [1, 1]
0.000316398851769 0 0.5
0.000316398851769 1 0.5
mu: [1, 1] sd: [1, 1]
mu: [1, 1] sd: [1, 1]
7.31576806421e-09 0 0.5
7.31576806421e-09 1 0.5
mu: [1, 1] sd: [1, 1]
mu: [1, 1] sd: [1, 1]
0.000370435299608 0 0.5
0.000370435299608 1 0.5
mu: [1, 1] sd: [1, 1]
mu: [1, 1] sd: [1, 1]
8.24272097761e-09 0 0.5
8.24272097761e-09 1 0.5
mu: [1, 1] sd: [1, 1]
mu: [1, 1] sd: [1, 1]
0.000433005654779 0 0.5
0.000433005654779 1 0.5
mu: [1, 1] sd: [1, 1]
mu: [1, 1] sd: [1, 1]
9.28340299472e-09 0 0.5
9.28340299472e-09 1 0.5
mu: [1, 1] sd: [1, 1]
mu: [1, 1] sd: [1, 1]
0.000505333986738 0 0.5
0.000505333986738 1 0.5
mu: [1, 1] sd: [1, 1]
mu: [1, 1] sd: [1, 1]
1.04512862488e-08 0 0.5
1.04512862488e-08 1 0.5
mu: [1, 1] sd: [1, 1]
mu: [1, 1] sd: [1, 1]
1.10875537345e-08 0 0.5
1.10875537345e-08 1 0.5
mu: [1, 1] sd: [1, 1]
mu: [1, 1] sd: [1, 1]
1.17613782167e-08 0 0.5
1.17613782167e-08 1 0.5
mu: [1, 1] sd: [1, 1]
mu: [1, 1] sd: [1, 1]
0.000684951150325 0 0.5
0.000684951150325 1 0.5
mu: [1, 1] sd: [1, 1]
mu: [1, 1] sd: [1, 1]
0.000738320127218 0 0.5
0.000738320127218 1 0.5
mu: [1, 1] sd: [1, 1]
mu: [1, 1] sd: [1, 1]
0.000795528513797 0 0.5
0.000795528513797 1 0.5
mu: [1, 1] sd: [1, 1]
mu: [1, 1] sd: [1, 1]
1.48769178677e-08 0 0.5
1.48769178677e-08 1 0.5
mu: [1, 1] sd: [1, 1]
mu: [1, 1] sd: [1, 1]
1.5773129233e-08 0 0.5
1.5773129233e-08 1 0.5
mu: [1, 1] sd: [1, 1]
mu: [1, 1] sd: [1, 1]
0.000992760488457 0 0.5
0.000992760488457 1 0.5
mu: [1, 1] sd: [1, 1]
mu: [1, 1] sd: [1, 1]
0.00106797051765 0 0.5
0.00106797051765 1 0.5
mu: [1, 1] sd: [1, 1]
mu: [1, 1] sd: [1, 1]
0.00114841796505 0 0.5
0.00114841796505 1 0.5
mu: [1, 1] sd: [1, 1]
mu: [1, 1] sd: [1, 1]
0.00123443044951 0 0.5
0.00123443044951 1 0.5
mu: [1, 1] sd: [1, 1]
mu: [1, 1] sd: [1, 1]
2.11003469429e-08 0 0.5
2.11003469429e-08 1 0.5
mu: [1, 1] sd: [1, 1]
mu: [1, 1] sd: [1, 1]
0.00142455009159 0 0.5
0.00142455009159 1 0.5
mu: [1, 1] sd: [1, 1]
mu: [1, 1] sd: [1, 1]
2.36882880284e-08 0 0.5
2.36882880284e-08 1 0.5
mu: [1, 1] sd: [1, 1]
mu: [1, 1] sd: [1, 1]
2.50951872055e-08 0 0.5
2.50951872055e-08 1 0.5
mu: [1, 1] sd: [1, 1]
mu: [1, 1] sd: [1, 1]
2.65829814421e-08 0 0.5
2.65829814421e-08 1 0.5
mu: [1, 1] sd: [1, 1]
mu: [1, 1] sd: [1, 1]
0.00188803975308 0 0.5
0.00188803975308 1 0.5
mu: [1, 1] sd: [1, 1]
mu: [1, 1] sd: [1, 1]
0.00202376146511 0 0.5
0.00202376146511 1 0.5
mu: [1, 1] sd: [1, 1]
mu: [1, 1] sd: [1, 1]
0.00216837027097 0 0.5
0.00216837027097 1 0.5
mu: [1, 1] sd: [1, 1]
mu: [1, 1] sd: [1, 1]
0.00232238116582 0 0.5
0.00232238116582 1 0.5
mu: [1, 1] sd: [1, 1]
mu: [1, 1] sd: [1, 1]
3.54011347414e-08 0 0.5
3.54011347414e-08 1 0.5
mu: [1, 1] sd: [1, 1]
mu: [1, 1] sd: [1, 1]
3.74773895326e-08 0 0.5
3.74773895326e-08 1 0.5
mu: [1, 1] sd: [1, 1]
mu: [1, 1] sd: [1, 1]
3.96714401017e-08 0 0.5
3.96714401017e-08 1 0.5
mu: [1, 1] sd: [1, 1]
mu: [1, 1] sd: [1, 1]
0.00304363850003 0 0.5
0.00304363850003 1 0.5
mu: [1, 1] sd: [1, 1]
mu: [1, 1] sd: [1, 1]
0.00325329013812 0 0.5
0.00325329013812 1 0.5
mu: [1, 1] sd: [1, 1]
mu: [1, 1] sd: [1, 1]
4.7026511907e-08 0 0.5
4.7026511907e-08 1 0.5
mu: [1, 1] sd: [1, 1]
mu: [1, 1] sd: [1, 1]
0.00371244522666 0 0.5
0.00371244522666 1 0.5
mu: [1, 1] sd: [1, 1]
mu: [1, 1] sd: [1, 1]
0.00396339708139 0 0.5
0.00396339708139 1 0.5
mu: [1, 1] sd: [1, 1]
mu: [1, 1] sd: [1, 1]
5.56949630576e-08 0 0.5
5.56949630576e-08 1 0.5
mu: [1, 1] sd: [1, 1]
mu: [1, 1] sd: [1, 1]
0.00451191021553 0 0.5
0.00451191021553 1 0.5
mu: [1, 1] sd: [1, 1]
mu: [1, 1] sd: [1, 1]
0.00481111548818 0 0.5
0.00481111548818 1 0.5
mu: [1, 1] sd: [1, 1]
mu: [1, 1] sd: [1, 1]
6.59018225544e-08 0 0.5
6.59018225544e-08 1 0.5
mu: [1, 1] sd: [1, 1]
mu: [1, 1] sd: [1, 1]
6.96900689655e-08 0 0.5
6.96900689655e-08 1 0.5
mu: [1, 1] sd: [1, 1]
mu: [1, 1] sd: [1, 1]
7.36886918327e-08 0 0.5
7.36886918327e-08 1 0.5
mu: [1, 1] sd: [1, 1]
mu: [1, 1] sd: [1, 1]
7.79089376995e-08 0 0.5
7.79089376995e-08 1 0.5
mu: [1, 1] sd: [1, 1]
mu: [1, 1] sd: [1, 1]
0.00659267188631 0 0.5
0.00659267188631 1 0.5
mu: [1, 1] sd: [1, 1]
mu: [1, 1] sd: [1, 1]
0.0070129767705 0 0.5
0.0070129767705 1 0.5
mu: [1, 1] sd: [1, 1]
mu: [1, 1] sd: [1, 1]
0.00745708808801 0 0.5
0.00745708808801 1 0.5
mu: [1, 1] sd: [1, 1]
mu: [1, 1] sd: [1, 1]
0.00792614623131 0 0.5
0.00792614623131 1 0.5
mu: [1, 1] sd: [1, 1]
mu: [1, 1] sd: [1, 1]
0.00842133263442 0 0.5
0.00842133263442 1 0.5
mu: [1, 1] sd: [1, 1]
mu: [1, 1] sd: [1, 1]
0.00894387040166 0 0.5
0.00894387040166 1 0.5
mu: [1, 1] sd: [1, 1]
mu: [1, 1] sd: [1, 1]
0.00949502488973 0 0.5
0.00949502488973 1 0.5
mu: [1, 1] sd: [1, 1]
mu: [1, 1] sd: [1, 1]
1.21202667706e-07 0 0.5
1.21202667706e-07 1 0.5
mu: [1, 1] sd: [1, 1]
mu: [1, 1] sd: [1, 1]
0.010688459848 0 0.5
0.010688459848 1 0.5
mu: [1, 1] sd: [1, 1]
mu: [1, 1] sd: [1, 1]
0.011333486791 0 0.5
0.011333486791 1 0.5
mu: [1, 1] sd: [1, 1]
mu: [1, 1] sd: [1, 1]
0.0120126241668 0 0.5
0.0120126241668 1 0.5
mu: [1, 1] sd: [1, 1]
mu: [1, 1] sd: [1, 1]
0.0127273553806 0 0.5
0.0127273553806 1 0.5
mu: [1, 1] sd: [1, 1]
mu: [1, 1] sd: [1, 1]
1.59239554817e-07 0 0.5
1.59239554817e-07 1 0.5
mu: [1, 1] sd: [1, 1]
mu: [1, 1] sd: [1, 1]
0.0142697556345 0 0.5
0.0142697556345 1 0.5
mu: [1, 1] sd: [1, 1]
mu: [1, 1] sd: [1, 1]
0.0151006144733 0 0.5
0.0151006144733 1 0.5
mu: [1, 1] sd: [1, 1]
mu: [1, 1] sd: [1, 1]
0.015973446743 0 0.5
0.015973446743 1 0.5
mu: [1, 1] sd: [1, 1]
mu: [1, 1] sd: [1, 1]
0.0168899588137 0 0.5
0.0168899588137 1 0.5
mu: [1, 1] sd: [1, 1]
mu: [1, 1] sd: [1, 1]
0.0178519013074 0 0.5
0.0178519013074 1 0.5
mu: [1, 1] sd: [1, 1]
mu: [1, 1] sd: [1, 1]
0.0188610687516 0 0.5
0.0188610687516 1 0.5
mu: [1, 1] sd: [1, 1]
mu: [1, 1] sd: [1, 1]
2.32368658435e-07 0 0.5
2.32368658435e-07 1 0.5
mu: [1, 1] sd: [1, 1]
mu: [1, 1] sd: [1, 1]
2.45160298479e-07 0 0.5
2.45160298479e-07 1 0.5
mu: [1, 1] sd: [1, 1]
mu: [1, 1] sd: [1, 1]
0.0221905142295 0 0.5
0.0221905142295 1 0.5
mu: [1, 1] sd: [1, 1]
mu: [1, 1] sd: [1, 1]
2.7281281932e-07 0 0.5
2.7281281932e-07 1 0.5
mu: [1, 1] sd: [1, 1]
mu: [1, 1] sd: [1, 1]
0.0246810945939 0 0.5
0.0246810945939 1 0.5
mu: [1, 1] sd: [1, 1]
mu: [1, 1] sd: [1, 1]
3.03462715863e-07 0 0.5
3.03462715863e-07 1 0.5
mu: [1, 1] sd: [1, 1]
mu: [1, 1] sd: [1, 1]
0.0274072337386 0 0.5
0.0274072337386 1 0.5
mu: [1, 1] sd: [1, 1]
mu: [1, 1] sd: [1, 1]
3.37420792445e-07 0 0.5
3.37420792445e-07 1 0.5
mu: [1, 1] sd: [1, 1]
mu: [1, 1] sd: [1, 1]
0.030385733725 0 0.5
0.030385733725 1 0.5
mu: [1, 1] sd: [1, 1]
mu: [1, 1] sd: [1, 1]
0.0319750248855 0 0.5
0.0319750248855 1 0.5
mu: [1, 1] sd: [1, 1]
mu: [1, 1] sd: [1, 1]
3.95316752445e-07 0 0.5
3.95316752445e-07 1 0.5
mu: [1, 1] sd: [1, 1]
mu: [1, 1] sd: [1, 1]
4.16660801913e-07 0 0.5
4.16660801913e-07 1 0.5
mu: [1, 1] sd: [1, 1]
mu: [1, 1] sd: [1, 1]
4.39113263613e-07 0 0.5
4.39113263613e-07 1 0.5
mu: [1, 1] sd: [1, 1]
mu: [1, 1] sd: [1, 1]
0.0390512452782 0 0.5
0.0390512452782 1 0.5
mu: [1, 1] sd: [1, 1]
mu: [1, 1] sd: [1, 1]
0.041011506429 0 0.5
0.041011506429 1 0.5
mu: [1, 1] sd: [1, 1]
mu: [1, 1] sd: [1, 1]
5.1368535783e-07 0 0.5
5.1368535783e-07 1 0.5
mu: [1, 1] sd: [1, 1]
mu: [1, 1] sd: [1, 1]
5.41149212695e-07 0 0.5
5.41149212695e-07 1 0.5
mu: [1, 1] sd: [1, 1]
mu: [1, 1] sd: [1, 1]
5.70024285302e-07 0 0.5
5.70024285302e-07 1 0.5
mu: [1, 1] sd: [1, 1]
mu: [1, 1] sd: [1, 1]
6.00379935869e-07 0 0.5
6.00379935869e-07 1 0.5
mu: [1, 1] sd: [1, 1]
mu: [1, 1] sd: [1, 1]
0.0520773538925 0 0.5
0.0520773538925 1 0.5
mu: [1, 1] sd: [1, 1]
mu: [1, 1] sd: [1, 1]
6.65826756586e-07 0 0.5
6.65826756586e-07 1 0.5
mu: [1, 1] sd: [1, 1]
mu: [1, 1] sd: [1, 1]
7.01073425931e-07 0 0.5
7.01073425931e-07 1 0.5
mu: [1, 1] sd: [1, 1]
mu: [1, 1] sd: [1, 1]
7.38111974789e-07 0 0.5
7.38111974789e-07 1 0.5
mu: [1, 1] sd: [1, 1]
mu: [1, 1] sd: [1, 1]
7.77029452063e-07 0 0.5
7.77029452063e-07 1 0.5
mu: [1, 1] sd: [1, 1]
mu: [1, 1] sd: [1, 1]
0.0654697153211 0 0.5
0.0654697153211 1 0.5
mu: [1, 1] sd: [1, 1]
mu: [1, 1] sd: [1, 1]
0.0684536427385 0 0.5
0.0684536427385 1 0.5
mu: [1, 1] sd: [1, 1]
mu: [1, 1] sd: [1, 1]
9.05987215328e-07 0 0.5
9.05987215328e-07 1 0.5
mu: [1, 1] sd: [1, 1]
mu: [1, 1] sd: [1, 1]
0.0747457647243 0 0.5
0.0747457647243 1 0.5
mu: [1, 1] sd: [1, 1]
mu: [1, 1] sd: [1, 1]
1.0031384559e-06 0 0.5
1.0031384559e-06 1 0.5
mu: [1, 1] sd: [1, 1]
mu: [1, 1] sd: [1, 1]
0.0814855032575 0 0.5
0.0814855032575 1 0.5
mu: [1, 1] sd: [1, 1]
mu: [1, 1] sd: [1, 1]
0.0850288166029 0 0.5
0.0850288166029 1 0.5
mu: [1, 1] sd: [1, 1]
mu: [1, 1] sd: [1, 1]
1.167865212e-06 0 0.5
1.167865212e-06 1 0.5
mu: [1, 1] sd: [1, 1]
mu: [1, 1] sd: [1, 1]
1.22833351934e-06 0 0.5
1.22833351934e-06 1 0.5
mu: [1, 1] sd: [1, 1]
mu: [1, 1] sd: [1, 1]
0.0963782615424 0 0.5
0.0963782615424 1 0.5
mu: [1, 1] sd: [1, 1]
mu: [1, 1] sd: [1, 1]
0.10040806737 0 0.5
0.10040806737 1 0.5
mu: [1, 1] sd: [1, 1]
mu: [1, 1] sd: [1, 1]
0.104564451068 0 0.5
0.104564451068 1 0.5
mu: [1, 1] sd: [1, 1]
mu: [1, 1] sd: [1, 1]
0.108849252273 0 0.5
0.108849252273 1 0.5
mu: [1, 1] sd: [1, 1]
mu: [1, 1] sd: [1, 1]
0.113264228849 0 0.5
0.113264228849 1 0.5
mu: [1, 1] sd: [1, 1]
mu: [1, 1] sd: [1, 1]
0.117811050665 0 0.5
0.117811050665 1 0.5
mu: [1, 1] sd: [1, 1]
mu: [1, 1] sd: [1, 1]
0.122491293295 0 0.5
0.122491293295 1 0.5
mu: [1, 1] sd: [1, 1]
mu: [1, 1] sd: [1, 1]
1.83289827034e-06 0 0.5
1.83289827034e-06 1 0.5
mu: [1, 1] sd: [1, 1]
mu: [1, 1] sd: [1, 1]
1.92606214066e-06 0 0.5
1.92606214066e-06 1 0.5
mu: [1, 1] sd: [1, 1]
mu: [1, 1] sd: [1, 1]
2.02375861975e-06 0 0.5
2.02375861975e-06 1 0.5
mu: [1, 1] sd: [1, 1]
mu: [1, 1] sd: [1, 1]
0.142574325684 0 0.5
0.142574325684 1 0.5
mu: [1, 1] sd: [1, 1]
mu: [1, 1] sd: [1, 1]
0.147941558128 0 0.5
0.147941558128 1 0.5
mu: [1, 1] sd: [1, 1]
mu: [1, 1] sd: [1, 1]
0.153449325863 0 0.5
0.153449325863 1 0.5
mu: [1, 1] sd: [1, 1]
mu: [1, 1] sd: [1, 1]
2.46420715712e-06 0 0.5
2.46420715712e-06 1 0.5
mu: [1, 1] sd: [1, 1]
mu: [1, 1] sd: [1, 1]
2.58790332924e-06 0 0.5
2.58790332924e-06 1 0.5
mu: [1, 1] sd: [1, 1]
mu: [1, 1] sd: [1, 1]
2.71753638485e-06 0 0.5
2.71753638485e-06 1 0.5
mu: [1, 1] sd: [1, 1]
mu: [1, 1] sd: [1, 1]
0.176898240387 0 0.5
0.176898240387 1 0.5
mu: [1, 1] sd: [1, 1]
mu: [1, 1] sd: [1, 1]
2.99570783093e-06 0 0.5
2.99570783093e-06 1 0.5
mu: [1, 1] sd: [1, 1]
mu: [1, 1] sd: [1, 1]
3.14482311969e-06 0 0.5
3.14482311969e-06 1 0.5
mu: [1, 1] sd: [1, 1]
mu: [1, 1] sd: [1, 1]
0.195981338176 0 0.5
0.195981338176 1 0.5
mu: [1, 1] sd: [1, 1]
mu: [1, 1] sd: [1, 1]
3.46464875185e-06 0 0.5
3.46464875185e-06 1 0.5
mu: [1, 1] sd: [1, 1]
mu: [1, 1] sd: [1, 1]
0.209413749995 0 0.5
0.209413749995 1 0.5
mu: [1, 1] sd: [1, 1]
mu: [1, 1] sd: [1, 1]
3.81547080621e-06 0 0.5
3.81547080621e-06 1 0.5
mu: [1, 1] sd: [1, 1]
mu: [1, 1] sd: [1, 1]
0.223408352492 0 0.5
0.223408352492 1 0.5
mu: [1, 1] sd: [1, 1]
mu: [1, 1] sd: [1, 1]
0.230613864395 0 0.5
0.230613864395 1 0.5
mu: [1, 1] sd: [1, 1]
mu: [1, 1] sd: [1, 1]
0.237956380848 0 0.5
0.237956380848 1 0.5
mu: [1, 1] sd: [1, 1]
mu: [1, 1] sd: [1, 1]
0.245434285662 0 0.5
0.245434285662 1 0.5
mu: [1, 1] sd: [1, 1]
mu: [1, 1] sd: [1, 1]
4.84740051031e-06 0 0.5
4.84740051031e-06 1 0.5
mu: [1, 1] sd: [1, 1]
mu: [1, 1] sd: [1, 1]
5.08358990709e-06 0 0.5
5.08358990709e-06 1 0.5
mu: [1, 1] sd: [1, 1]
mu: [1, 1] sd: [1, 1]
5.33075345296e-06 0 0.5
5.33075345296e-06 1 0.5
mu: [1, 1] sd: [1, 1]
mu: [1, 1] sd: [1, 1]
0.276659811728 0 0.5
0.276659811728 1 0.5
mu: [1, 1] sd: [1, 1]
mu: [1, 1] sd: [1, 1]
5.85995422852e-06 0 0.5
5.85995422852e-06 1 0.5
mu: [1, 1] sd: [1, 1]
mu: [1, 1] sd: [1, 1]
6.14301764255e-06 0 0.5
6.14301764255e-06 1 0.5
mu: [1, 1] sd: [1, 1]
mu: [1, 1] sd: [1, 1]
0.301388391923 0 0.5
0.301388391923 1 0.5
mu: [1, 1] sd: [1, 1]
mu: [1, 1] sd: [1, 1]
0.309864533959 0 0.5
0.309864533959 1 0.5
mu: [1, 1] sd: [1, 1]
mu: [1, 1] sd: [1, 1]
0.318451394774 0 0.5
0.318451394774 1 0.5
mu: [1, 1] sd: [1, 1]
mu: [1, 1] sd: [1, 1]
7.41134027569e-06 0 0.5
7.41134027569e-06 1 0.5
mu: [1, 1] sd: [1, 1]
mu: [1, 1] sd: [1, 1]
0.33594139899 0 0.5
0.33594139899 1 0.5
mu: [1, 1] sd: [1, 1]
mu: [1, 1] sd: [1, 1]
0.3448360116 0 0.5
0.3448360116 1 0.5
mu: [1, 1] sd: [1, 1]
mu: [1, 1] sd: [1, 1]
0.353824282392 0 0.5
0.353824282392 1 0.5
mu: [1, 1] sd: [1, 1]
mu: [1, 1] sd: [1, 1]
8.92720445359e-06 0 0.5
8.92720445359e-06 1 0.5
mu: [1, 1] sd: [1, 1]
mu: [1, 1] sd: [1, 1]
0.372062139933 0 0.5
0.372062139933 1 0.5
mu: [1, 1] sd: [1, 1]
mu: [1, 1] sd: [1, 1]
9.79182733084e-06 0 0.5
9.79182733084e-06 1 0.5
mu: [1, 1] sd: [1, 1]
mu: [1, 1] sd: [1, 1]
0.390613331634 0 0.5
0.390613331634 1 0.5
mu: [1, 1] sd: [1, 1]
mu: [1, 1] sd: [1, 1]
1.07358873546e-05 0 0.5
1.07358873546e-05 1 0.5
mu: [1, 1] sd: [1, 1]
mu: [1, 1] sd: [1, 1]
0.409432563689 0 0.5
0.409432563689 1 0.5
mu: [1, 1] sd: [1, 1]
mu: [1, 1] sd: [1, 1]
1.17662502204e-05 0 0.5
1.17662502204e-05 1 0.5
mu: [1, 1] sd: [1, 1]
mu: [1, 1] sd: [1, 1]
1.23160905164e-05 0 0.5
1.23160905164e-05 1 0.5
mu: [1, 1] sd: [1, 1]
mu: [1, 1] sd: [1, 1]
0.438056235062 0 0.5
0.438056235062 1 0.5
mu: [1, 1] sd: [1, 1]
mu: [1, 1] sd: [1, 1]
1.34899986815e-05 0 0.5
1.34899986815e-05 1 0.5
mu: [1, 1] sd: [1, 1]
mu: [1, 1] sd: [1, 1]
1.41161462804e-05 0 0.5
1.41161462804e-05 1 0.5
mu: [1, 1] sd: [1, 1]
mu: [1, 1] sd: [1, 1]
0.466993418519 0 0.5
0.466993418519 1 0.5
mu: [1, 1] sd: [1, 1]
mu: [1, 1] sd: [1, 1]
1.54523339961e-05 0 0.5
1.54523339961e-05 1 0.5
mu: [1, 1] sd: [1, 1]
mu: [1, 1] sd: [1, 1]
0.486363558163 0 0.5
0.486363558163 1 0.5
mu: [1, 1] sd: [1, 1]
mu: [1, 1] sd: [1, 1]
0.49604955223 0 0.5
0.49604955223 1 0.5
mu: [1, 1] sd: [1, 1]
mu: [1, 1] sd: [1, 1]
1.76841674353e-05 0 0.5
1.76841674353e-05 1 0.5
mu: [1, 1] sd: [1, 1]
mu: [1, 1] sd: [1, 1]
0.51538400318 0 0.5
0.51538400318 1 0.5
mu: [1, 1] sd: [1, 1]
mu: [1, 1] sd: [1, 1]
1.93387050798e-05 0 0.5
1.93387050798e-05 1 0.5
mu: [1, 1] sd: [1, 1]
mu: [1, 1] sd: [1, 1]
2.02201094363e-05 0 0.5
2.02201094363e-05 1 0.5
mu: [1, 1] sd: [1, 1]
mu: [1, 1] sd: [1, 1]
2.11395674532e-05 0 0.5
2.11395674532e-05 1 0.5
mu: [1, 1] sd: [1, 1]
mu: [1, 1] sd: [1, 1]
2.20986210841e-05 0 0.5
2.20986210841e-05 1 0.5
mu: [1, 1] sd: [1, 1]
mu: [1, 1] sd: [1, 1]
2.30988701461e-05 0 0.5
2.30988701461e-05 1 0.5
mu: [1, 1] sd: [1, 1]
mu: [1, 1] sd: [1, 1]
2.41419742899e-05 0 0.5
2.41419742899e-05 1 0.5
mu: [1, 1] sd: [1, 1]
mu: [1, 1] sd: [1, 1]
0.581792900547 0 0.5
0.581792900547 1 0.5
mu: [1, 1] sd: [1, 1]
mu: [1, 1] sd: [1, 1]
2.63636978193e-05 0 0.5
2.63636978193e-05 1 0.5
mu: [1, 1] sd: [1, 1]
mu: [1, 1] sd: [1, 1]
0.600124153569 0 0.5
0.600124153569 1 0.5
mu: [1, 1] sd: [1, 1]
mu: [1, 1] sd: [1, 1]
2.87783441192e-05 0 0.5
2.87783441192e-05 1 0.5
mu: [1, 1] sd: [1, 1]
mu: [1, 1] sd: [1, 1]
0.618041350011 0 0.5
0.618041350011 1 0.5
mu: [1, 1] sd: [1, 1]
mu: [1, 1] sd: [1, 1]
3.14015591304e-05 0 0.5
3.14015591304e-05 1 0.5
mu: [1, 1] sd: [1, 1]
mu: [1, 1] sd: [1, 1]
3.27965863681e-05 0 0.5
3.27965863681e-05 1 0.5
mu: [1, 1] sd: [1, 1]
mu: [1, 1] sd: [1, 1]
3.42501562192e-05 0 0.5
3.42501562192e-05 1 0.5
mu: [1, 1] sd: [1, 1]
mu: [1, 1] sd: [1, 1]
3.57645656008e-05 0 0.5
3.57645656008e-05 1 0.5
mu: [1, 1] sd: [1, 1]
mu: [1, 1] sd: [1, 1]
0.660560266853 0 0.5
0.660560266853 1 0.5
mu: [1, 1] sd: [1, 1]
mu: [1, 1] sd: [1, 1]
3.89855082632e-05 0 0.5
3.89855082632e-05 1 0.5
mu: [1, 1] sd: [1, 1]
mu: [1, 1] sd: [1, 1]
0.676475313513 0 0.5
0.676475313513 1 0.5
mu: [1, 1] sd: [1, 1]
mu: [1, 1] sd: [1, 1]
0.684164611905 0 0.5
0.684164611905 1 0.5
mu: [1, 1] sd: [1, 1]
mu: [1, 1] sd: [1, 1]
0.69166403698 0 0.5
0.69166403698 1 0.5
mu: [1, 1] sd: [1, 1]
mu: [1, 1] sd: [1, 1]
4.62680818987e-05 0 0.5
4.62680818987e-05 1 0.5
mu: [1, 1] sd: [1, 1]
mu: [1, 1] sd: [1, 1]
0.706060920757 0 0.5
0.706060920757 1 0.5
mu: [1, 1] sd: [1, 1]
mu: [1, 1] sd: [1, 1]
0.712942600434 0 0.5
0.712942600434 1 0.5
mu: [1, 1] sd: [1, 1]
mu: [1, 1] sd: [1, 1]
0.719602877452 0 0.5
0.719602877452 1 0.5
mu: [1, 1] sd: [1, 1]
mu: [1, 1] sd: [1, 1]
5.48230922251e-05 0 0.5
5.48230922251e-05 1 0.5
mu: [1, 1] sd: [1, 1]
mu: [1, 1] sd: [1, 1]
5.71840939874e-05 0 0.5
5.71840939874e-05 1 0.5
mu: [1, 1] sd: [1, 1]
mu: [1, 1] sd: [1, 1]
0.738182037285 0 0.5
0.738182037285 1 0.5
mu: [1, 1] sd: [1, 1]
mu: [1, 1] sd: [1, 1]
0.743884544184 0 0.5
0.743884544184 1 0.5
mu: [1, 1] sd: [1, 1]
mu: [1, 1] sd: [1, 1]
6.48558710865e-05 0 0.5
6.48558710865e-05 1 0.5
mu: [1, 1] sd: [1, 1]
mu: [1, 1] sd: [1, 1]
6.7621834415e-05 0 0.5
6.7621834415e-05 1 0.5
mu: [1, 1] sd: [1, 1]
mu: [1, 1] sd: [1, 1]
0.759429263624 0 0.5
0.759429263624 1 0.5
mu: [1, 1] sd: [1, 1]
mu: [1, 1] sd: [1, 1]
7.34905844076e-05 0 0.5
7.34905844076e-05 1 0.5
mu: [1, 1] sd: [1, 1]
mu: [1, 1] sd: [1, 1]
0.768430972276 0 0.5
0.768430972276 1 0.5
mu: [1, 1] sd: [1, 1]
mu: [1, 1] sd: [1, 1]
7.98366652344e-05 0 0.5
7.98366652344e-05 1 0.5
mu: [1, 1] sd: [1, 1]
mu: [1, 1] sd: [1, 1]
0.776293824311 0 0.5
0.776293824311 1 0.5
mu: [1, 1] sd: [1, 1]
mu: [1, 1] sd: [1, 1]
8.66959899011e-05 0 0.5
8.66959899011e-05 1 0.5
mu: [1, 1] sd: [1, 1]
mu: [1, 1] sd: [1, 1]
9.0330007414e-05 0 0.5
9.0330007414e-05 1 0.5
mu: [1, 1] sd: [1, 1]
mu: [1, 1] sd: [1, 1]
9.41069212579e-05 0 0.5
9.41069212579e-05 1 0.5
mu: [1, 1] sd: [1, 1]
mu: [1, 1] sd: [1, 1]
0.788460393309 0 0.5
0.788460393309 1 0.5
mu: [1, 1] sd: [1, 1]
mu: [1, 1] sd: [1, 1]
0.000102110418364 0 0.5
0.000102110418364 1 0.5
mu: [1, 1] sd: [1, 1]
mu: [1, 1] sd: [1, 1]
0.000106347926302 0 0.5
0.000106347926302 1 0.5
mu: [1, 1] sd: [1, 1]
mu: [1, 1] sd: [1, 1]
0.000110750189973 0 0.5
0.000110750189973 1 0.5
mu: [1, 1] sd: [1, 1]
mu: [1, 1] sd: [1, 1]
0.000115323128995 0 0.5
0.000115323128995 1 0.5
mu: [1, 1] sd: [1, 1]
mu: [1, 1] sd: [1, 1]
0.796719766031 0 0.5
0.796719766031 1 0.5
mu: [1, 1] sd: [1, 1]
mu: [1, 1] sd: [1, 1]
0.797422593576 0 0.5
0.797422593576 1 0.5
mu: [1, 1] sd: [1, 1]
mu: [1, 1] sd: [1, 1]
0.797806215342 0 0.5
0.797806215342 1 0.5
mu: [1, 1] sd: [1, 1]
mu: [1, 1] sd: [1, 1]
0.797870170244 0 0.5
0.797870170244 1 0.5
mu: [1, 1] sd: [1, 1]
mu: [1, 1] sd: [1, 1]
0.797614381396 0 0.5
0.797614381396 1 0.5
mu: [1, 1] sd: [1, 1]
mu: [1, 1] sd: [1, 1]
0.000146701379266 0 0.5
0.000146701379266 1 0.5
mu: [1, 1] sd: [1, 1]
mu: [1, 1] sd: [1, 1]
0.000152651655815 0 0.5
0.000152651655815 1 0.5
mu: [1, 1] sd: [1, 1]
mu: [1, 1] sd: [1, 1]
0.794933544414 0 0.5
0.794933544414 1 0.5
mu: [1, 1] sd: [1, 1]
mu: [1, 1] sd: [1, 1]
0.793405685033 0 0.5
0.793405685033 1 0.5
mu: [1, 1] sd: [1, 1]
mu: [1, 1] sd: [1, 1]
0.791563439028 0 0.5
0.791563439028 1 0.5
mu: [1, 1] sd: [1, 1]
mu: [1, 1] sd: [1, 1]
0.000178786879656 0 0.5
0.000178786879656 1 0.5
mu: [1, 1] sd: [1, 1]
mu: [1, 1] sd: [1, 1]
0.786944975301 0 0.5
0.786944975301 1 0.5
mu: [1, 1] sd: [1, 1]
mu: [1, 1] sd: [1, 1]
0.784174269656 0 0.5
0.784174269656 1 0.5
mu: [1, 1] sd: [1, 1]
mu: [1, 1] sd: [1, 1]
0.781100190575 0 0.5
0.781100190575 1 0.5
mu: [1, 1] sd: [1, 1]
mu: [1, 1] sd: [1, 1]
0.000209061232815 0 0.5
0.000209061232815 1 0.5
mu: [1, 1] sd: [1, 1]
mu: [1, 1] sd: [1, 1]
0.774056849177 0 0.5
0.774056849177 1 0.5
mu: [1, 1] sd: [1, 1]
mu: [1, 1] sd: [1, 1]
0.770095908867 0 0.5
0.770095908867 1 0.5
mu: [1, 1] sd: [1, 1]
mu: [1, 1] sd: [1, 1]
0.765848222747 0 0.5
0.765848222747 1 0.5
mu: [1, 1] sd: [1, 1]
mu: [1, 1] sd: [1, 1]
0.76131876733 0 0.5
0.76131876733 1 0.5
mu: [1, 1] sd: [1, 1]
mu: [1, 1] sd: [1, 1]
0.000253639398791 0 0.5
0.000253639398791 1 0.5
mu: [1, 1] sd: [1, 1]
mu: [1, 1] sd: [1, 1]
0.751435990956 0 0.5
0.751435990956 1 0.5
mu: [1, 1] sd: [1, 1]
mu: [1, 1] sd: [1, 1]
0.000273835269173 0 0.5
0.000273835269173 1 0.5
mu: [1, 1] sd: [1, 1]
mu: [1, 1] sd: [1, 1]
0.740493389465 0 0.5
0.740493389465 1 0.5
mu: [1, 1] sd: [1, 1]
mu: [1, 1] sd: [1, 1]
0.000295520753644 0 0.5
0.000295520753644 1 0.5
mu: [1, 1] sd: [1, 1]
mu: [1, 1] sd: [1, 1]
0.728541199388 0 0.5
0.728541199388 1 0.5
mu: [1, 1] sd: [1, 1]
mu: [1, 1] sd: [1, 1]
0.722203324093 0 0.5
0.722203324093 1 0.5
mu: [1, 1] sd: [1, 1]
mu: [1, 1] sd: [1, 1]
0.000331062138429 0 0.5
0.000331062138429 1 0.5
mu: [1, 1] sd: [1, 1]
mu: [1, 1] sd: [1, 1]
0.708839677097 0 0.5
0.708839677097 1 0.5
mu: [1, 1] sd: [1, 1]
mu: [1, 1] sd: [1, 1]
0.000356921700942 0 0.5
0.000356921700942 1 0.5
mu: [1, 1] sd: [1, 1]
mu: [1, 1] sd: [1, 1]
0.000370543669772 0 0.5
0.000370543669772 1 0.5
mu: [1, 1] sd: [1, 1]
mu: [1, 1] sd: [1, 1]
0.000384646979357 0 0.5
0.000384646979357 1 0.5
mu: [1, 1] sd: [1, 1]
mu: [1, 1] sd: [1, 1]
0.679573291813 0 0.5
0.679573291813 1 0.5
mu: [1, 1] sd: [1, 1]
mu: [1, 1] sd: [1, 1]
0.671774026952 0 0.5
0.671774026952 1 0.5
mu: [1, 1] sd: [1, 1]
mu: [1, 1] sd: [1, 1]
0.00043000154043 0 0.5
0.00043000154043 1 0.5
mu: [1, 1] sd: [1, 1]
mu: [1, 1] sd: [1, 1]
0.000446189014631 0 0.5
0.000446189014631 1 0.5
mu: [1, 1] sd: [1, 1]
mu: [1, 1] sd: [1, 1]
0.647350567741 0 0.5
0.647350567741 1 0.5
mu: [1, 1] sd: [1, 1]
mu: [1, 1] sd: [1, 1]
0.638896011045 0 0.5
0.638896011045 1 0.5
mu: [1, 1] sd: [1, 1]
mu: [1, 1] sd: [1, 1]
0.000498200732153 0 0.5
0.000498200732153 1 0.5
mu: [1, 1] sd: [1, 1]
mu: [1, 1] sd: [1, 1]
0.000516748420529 0 0.5
0.000516748420529 1 0.5
mu: [1, 1] sd: [1, 1]
mu: [1, 1] sd: [1, 1]
0.612713871033 0 0.5
0.612713871033 1 0.5
mu: [1, 1] sd: [1, 1]
mu: [1, 1] sd: [1, 1]
0.603742978116 0 0.5
0.603742978116 1 0.5
mu: [1, 1] sd: [1, 1]
mu: [1, 1] sd: [1, 1]
0.000576291811137 0 0.5
0.000576291811137 1 0.5
mu: [1, 1] sd: [1, 1]
mu: [1, 1] sd: [1, 1]
0.000597507249837 0 0.5
0.000597507249837 1 0.5
mu: [1, 1] sd: [1, 1]
mu: [1, 1] sd: [1, 1]
0.576223331924 0 0.5
0.576223331924 1 0.5
mu: [1, 1] sd: [1, 1]
mu: [1, 1] sd: [1, 1]
0.000642116886436 0 0.5
0.000642116886436 1 0.5
mu: [1, 1] sd: [1, 1]
mu: [1, 1] sd: [1, 1]
0.000665555493611 0 0.5
0.000665555493611 1 0.5
mu: [1, 1] sd: [1, 1]
mu: [1, 1] sd: [1, 1]
0.00068978053921 0 0.5
0.00068978053921 1 0.5
mu: [1, 1] sd: [1, 1]
mu: [1, 1] sd: [1, 1]
0.000714815705388 0 0.5
0.000714815705388 1 0.5
mu: [1, 1] sd: [1, 1]
mu: [1, 1] sd: [1, 1]
0.000740685287126 0 0.5
0.000740685287126 1 0.5
mu: [1, 1] sd: [1, 1]
mu: [1, 1] sd: [1, 1]
0.000767414204566 0 0.5
0.000767414204566 1 0.5
mu: [1, 1] sd: [1, 1]
mu: [1, 1] sd: [1, 1]
0.50959162322 0 0.5
0.50959162322 1 0.5
mu: [1, 1] sd: [1, 1]
mu: [1, 1] sd: [1, 1]
0.499921641297 0 0.5
0.499921641297 1 0.5
mu: [1, 1] sd: [1, 1]
mu: [1, 1] sd: [1, 1]
0.000853015812363 0 0.5
0.000853015812363 1 0.5
mu: [1, 1] sd: [1, 1]
mu: [1, 1] sd: [1, 1]
0.000883444215799 0 0.5
0.000883444215799 1 0.5
mu: [1, 1] sd: [1, 1]
mu: [1, 1] sd: [1, 1]
0.000914866373329 0 0.5
0.000914866373329 1 0.5
mu: [1, 1] sd: [1, 1]
mu: [1, 1] sd: [1, 1]
0.461190028308 0 0.5
0.461190028308 1 0.5
mu: [1, 1] sd: [1, 1]
mu: [1, 1] sd: [1, 1]
0.000980808413348 0 0.5
0.000980808413348 1 0.5
mu: [1, 1] sd: [1, 1]
mu: [1, 1] sd: [1, 1]
0.441900506747 0 0.5
0.441900506747 1 0.5
mu: [1, 1] sd: [1, 1]
mu: [1, 1] sd: [1, 1]
0.00105108208606 0 0.5
0.00105108208606 1 0.5
mu: [1, 1] sd: [1, 1]
mu: [1, 1] sd: [1, 1]
0.00108792156511 0 0.5
0.00108792156511 1 0.5
mu: [1, 1] sd: [1, 1]
mu: [1, 1] sd: [1, 1]
0.00112593940955 0 0.5
0.00112593940955 1 0.5
mu: [1, 1] sd: [1, 1]
mu: [1, 1] sd: [1, 1]
0.403761488363 0 0.5
0.403761488363 1 0.5
mu: [1, 1] sd: [1, 1]
mu: [1, 1] sd: [1, 1]
0.394357247345 0 0.5
0.394357247345 1 0.5
mu: [1, 1] sd: [1, 1]
mu: [1, 1] sd: [1, 1]
0.00124740139701 0 0.5
0.00124740139701 1 0.5
mu: [1, 1] sd: [1, 1]
mu: [1, 1] sd: [1, 1]
0.00129047499893 0 0.5
0.00129047499893 1 0.5
mu: [1, 1] sd: [1, 1]
mu: [1, 1] sd: [1, 1]
0.00133490219674 0 0.5
0.00133490219674 1 0.5
mu: [1, 1] sd: [1, 1]
mu: [1, 1] sd: [1, 1]
0.357444735079 0 0.5
0.357444735079 1 0.5
mu: [1, 1] sd: [1, 1]
mu: [1, 1] sd: [1, 1]
0.00142796842218 0 0.5
0.00142796842218 1 0.5
mu: [1, 1] sd: [1, 1]
mu: [1, 1] sd: [1, 1]
0.00147668514806 0 0.5
0.00147668514806 1 0.5
mu: [1, 1] sd: [1, 1]
mu: [1, 1] sd: [1, 1]
0.00152691089446 0 0.5
0.00152691089446 1 0.5
mu: [1, 1] sd: [1, 1]
mu: [1, 1] sd: [1, 1]
0.001578686751 0 0.5
0.001578686751 1 0.5
mu: [1, 1] sd: [1, 1]
mu: [1, 1] sd: [1, 1]
0.0016320547289 0 0.5
0.0016320547289 1 0.5
mu: [1, 1] sd: [1, 1]
mu: [1, 1] sd: [1, 1]
0.00168705777509 0 0.5
0.00168705777509 1 0.5
mu: [1, 1] sd: [1, 1]
mu: [1, 1] sd: [1, 1]
0.00174373978637 0 0.5
0.00174373978637 1 0.5
mu: [1, 1] sd: [1, 1]
mu: [1, 1] sd: [1, 1]
0.00180214562348 0 0.5
0.00180214562348 1 0.5
mu: [1, 1] sd: [1, 1]
mu: [1, 1] sd: [1, 1]
0.279894254623 0 0.5
0.279894254623 1 0.5
mu: [1, 1] sd: [1, 1]
mu: [1, 1] sd: [1, 1]
0.271845405423 0 0.5
0.271845405423 1 0.5
mu: [1, 1] sd: [1, 1]
mu: [1, 1] sd: [1, 1]
0.263922213427 0 0.5
0.263922213427 1 0.5
mu: [1, 1] sd: [1, 1]
mu: [1, 1] sd: [1, 1]
0.00205393897377 0 0.5
0.00205393897377 1 0.5
mu: [1, 1] sd: [1, 1]
mu: [1, 1] sd: [1, 1]
0.248462953182 0 0.5
0.248462953182 1 0.5
mu: [1, 1] sd: [1, 1]
mu: [1, 1] sd: [1, 1]
0.240931393907 0 0.5
0.240931393907 1 0.5
mu: [1, 1] sd: [1, 1]
mu: [1, 1] sd: [1, 1]
0.233534516135 0 0.5
0.233534516135 1 0.5
mu: [1, 1] sd: [1, 1]
mu: [1, 1] sd: [1, 1]
0.226274022153 0 0.5
0.226274022153 1 0.5
mu: [1, 1] sd: [1, 1]
mu: [1, 1] sd: [1, 1]
0.219151400253 0 0.5
0.219151400253 1 0.5
mu: [1, 1] sd: [1, 1]
mu: [1, 1] sd: [1, 1]
0.00249160115824 0 0.5
0.00249160115824 1 0.5
mu: [1, 1] sd: [1, 1]
mu: [1, 1] sd: [1, 1]
0.205324682016 0 0.5
0.205324682016 1 0.5
mu: [1, 1] sd: [1, 1]
mu: [1, 1] sd: [1, 1]
0.198622532415 0 0.5
0.198622532415 1 0.5
mu: [1, 1] sd: [1, 1]
mu: [1, 1] sd: [1, 1]
0.192062158294 0 0.5
0.192062158294 1 0.5
mu: [1, 1] sd: [1, 1]
mu: [1, 1] sd: [1, 1]
0.00282836543313 0 0.5
0.00282836543313 1 0.5
mu: [1, 1] sd: [1, 1]
mu: [1, 1] sd: [1, 1]
0.00291871022107 0 0.5
0.00291871022107 1 0.5
mu: [1, 1] sd: [1, 1]
mu: [1, 1] sd: [1, 1]
0.173235654349 0 0.5
0.173235654349 1 0.5
mu: [1, 1] sd: [1, 1]
mu: [1, 1] sd: [1, 1]
0.003107215294 0 0.5
0.003107215294 1 0.5
mu: [1, 1] sd: [1, 1]
mu: [1, 1] sd: [1, 1]
0.00320550349444 0 0.5
0.00320550349444 1 0.5
mu: [1, 1] sd: [1, 1]
mu: [1, 1] sd: [1, 1]
0.00330656943562 0 0.5
0.00330656943562 1 0.5
mu: [1, 1] sd: [1, 1]
mu: [1, 1] sd: [1, 1]
0.00341048012468 0 0.5
0.00341048012468 1 0.5
mu: [1, 1] sd: [1, 1]
mu: [1, 1] sd: [1, 1]
0.00351730380941 0 0.5
0.00351730380941 1 0.5
mu: [1, 1] sd: [1, 1]
mu: [1, 1] sd: [1, 1]
0.00362710998948 0 0.5
0.00362710998948 1 0.5
mu: [1, 1] sd: [1, 1]
mu: [1, 1] sd: [1, 1]
0.00373996942739 0 0.5
0.00373996942739 1 0.5
mu: [1, 1] sd: [1, 1]
mu: [1, 1] sd: [1, 1]
0.129270567951 0 0.5
0.129270567951 1 0.5
mu: [1, 1] sd: [1, 1]
mu: [1, 1] sd: [1, 1]
0.00397513750405 0 0.5
0.00397513750405 1 0.5
mu: [1, 1] sd: [1, 1]
mu: [1, 1] sd: [1, 1]
0.1196670523 0 0.5
0.1196670523 1 0.5
mu: [1, 1] sd: [1, 1]
mu: [1, 1] sd: [1, 1]
0.115067045734 0 0.5
0.115067045734 1 0.5
mu: [1, 1] sd: [1, 1]
mu: [1, 1] sd: [1, 1]
0.110599526308 0 0.5
0.110599526308 1 0.5
mu: [1, 1] sd: [1, 1]
mu: [1, 1] sd: [1, 1]
0.106262861111 0 0.5
0.106262861111 1 0.5
mu: [1, 1] sd: [1, 1]
mu: [1, 1] sd: [1, 1]
0.102055326725 0 0.5
0.102055326725 1 0.5
mu: [1, 1] sd: [1, 1]
mu: [1, 1] sd: [1, 1]
0.00476167854213 0 0.5
0.00476167854213 1 0.5
mu: [1, 1] sd: [1, 1]
mu: [1, 1] sd: [1, 1]
0.00490541496645 0 0.5
0.00490541496645 1 0.5
mu: [1, 1] sd: [1, 1]
mu: [1, 1] sd: [1, 1]
0.00505298389456 0 0.5
0.00505298389456 1 0.5
mu: [1, 1] sd: [1, 1]
mu: [1, 1] sd: [1, 1]
0.00520447060291 0 0.5
0.00520447060291 1 0.5
mu: [1, 1] sd: [1, 1]
mu: [1, 1] sd: [1, 1]
0.0828887428889 0 0.5
0.0828887428889 1 0.5
mu: [1, 1] sd: [1, 1]
mu: [1, 1] sd: [1, 1]
0.00551954530037 0 0.5
0.00551954530037 1 0.5
mu: [1, 1] sd: [1, 1]
mu: [1, 1] sd: [1, 1]
0.00568331069308 0 0.5
0.00568331069308 1 0.5
mu: [1, 1] sd: [1, 1]
mu: [1, 1] sd: [1, 1]
0.0728119545719 0 0.5
0.0728119545719 1 0.5
mu: [1, 1] sd: [1, 1]
mu: [1, 1] sd: [1, 1]
0.0696771326151 0 0.5
0.0696771326151 1 0.5
mu: [1, 1] sd: [1, 1]
mu: [1, 1] sd: [1, 1]
0.0666505572747 0 0.5
0.0666505572747 1 0.5
mu: [1, 1] sd: [1, 1]
mu: [1, 1] sd: [1, 1]
0.0637298995702 0 0.5
0.0637298995702 1 0.5
mu: [1, 1] sd: [1, 1]
mu: [1, 1] sd: [1, 1]
0.00656809059344 0 0.5
0.00656809059344 1 0.5
mu: [1, 1] sd: [1, 1]
mu: [1, 1] sd: [1, 1]
0.0581969112009 0 0.5
0.0581969112009 1 0.5
mu: [1, 1] sd: [1, 1]
mu: [1, 1] sd: [1, 1]
0.0555798265307 0 0.5
0.0555798265307 1 0.5
mu: [1, 1] sd: [1, 1]
mu: [1, 1] sd: [1, 1]
0.00715516377169 0 0.5
0.00715516377169 1 0.5
mu: [1, 1] sd: [1, 1]
mu: [1, 1] sd: [1, 1]
0.00736081710902 0 0.5
0.00736081710902 1 0.5
mu: [1, 1] sd: [1, 1]
mu: [1, 1] sd: [1, 1]
0.0482974885394 0 0.5
0.0482974885394 1 0.5
mu: [1, 1] sd: [1, 1]
mu: [1, 1] sd: [1, 1]
0.00778768496869 0 0.5
0.00778768496869 1 0.5
mu: [1, 1] sd: [1, 1]
mu: [1, 1] sd: [1, 1]
0.00800911028902 0 0.5
0.00800911028902 1 0.5
mu: [1, 1] sd: [1, 1]
mu: [1, 1] sd: [1, 1]
0.00823600604909 0 0.5
0.00823600604909 1 0.5
mu: [1, 1] sd: [1, 1]
mu: [1, 1] sd: [1, 1]
0.0398257633803 0 0.5
0.0398257633803 1 0.5
mu: [1, 1] sd: [1, 1]
mu: [1, 1] sd: [1, 1]
0.037913059722 0 0.5
0.037913059722 1 0.5
mu: [1, 1] sd: [1, 1]
mu: [1, 1] sd: [1, 1]
0.00895061149205 0 0.5
0.00895061149205 1 0.5
mu: [1, 1] sd: [1, 1]
mu: [1, 1] sd: [1, 1]
0.0343175353321 0 0.5
0.0343175353321 1 0.5
mu: [1, 1] sd: [1, 1]
mu: [1, 1] sd: [1, 1]
0.0326301160306 0 0.5
0.0326301160306 1 0.5
mu: [1, 1] sd: [1, 1]
mu: [1, 1] sd: [1, 1]
0.00971845232368 0 0.5
0.00971845232368 1 0.5
mu: [1, 1] sd: [1, 1]
mu: [1, 1] sd: [1, 1]
0.0294646629909 0 0.5
0.0294646629909 1 0.5
mu: [1, 1] sd: [1, 1]
mu: [1, 1] sd: [1, 1]
0.0102614593127 0 0.5
0.0102614593127 1 0.5
mu: [1, 1] sd: [1, 1]
mu: [1, 1] sd: [1, 1]
0.0265636699232 0 0.5
0.0265636699232 1 0.5
mu: [1, 1] sd: [1, 1]
mu: [1, 1] sd: [1, 1]
0.0252069485524 0 0.5
0.0252069485524 1 0.5
mu: [1, 1] sd: [1, 1]
mu: [1, 1] sd: [1, 1]
0.0239099357509 0 0.5
0.0239099357509 1 0.5
mu: [1, 1] sd: [1, 1]
mu: [1, 1] sd: [1, 1]
0.0114264406513 0 0.5
0.0114264406513 1 0.5
mu: [1, 1] sd: [1, 1]
mu: [1, 1] sd: [1, 1]
0.0117348525596 0 0.5
0.0117348525596 1 0.5
mu: [1, 1] sd: [1, 1]
mu: [1, 1] sd: [1, 1]
0.0203567487745 0 0.5
0.0203567487745 1 0.5
mu: [1, 1] sd: [1, 1]
mu: [1, 1] sd: [1, 1]
0.0123731542258 0 0.5
0.0123731542258 1 0.5
mu: [1, 1] sd: [1, 1]
mu: [1, 1] sd: [1, 1]
0.018249799332 0 0.5
0.018249799332 1 0.5
mu: [1, 1] sd: [1, 1]
mu: [1, 1] sd: [1, 1]
0.017269184646 0 0.5
0.017269184646 1 0.5
mu: [1, 1] sd: [1, 1]
mu: [1, 1] sd: [1, 1]
0.0133862285695 0 0.5
0.0133862285695 1 0.5
mu: [1, 1] sd: [1, 1]
mu: [1, 1] sd: [1, 1]
0.0154446160073 0 0.5
0.0154446160073 1 0.5
mu: [1, 1] sd: [1, 1]
mu: [1, 1] sd: [1, 1]
0.0141002190903 0 0.5
0.0141002190903 1 0.5
mu: [1, 1] sd: [1, 1]
mu: [1, 1] sd: [1, 1]
0.0144691959589 0 0.5
0.0144691959589 1 0.5
mu: [1, 1] sd: [1, 1]
mu: [1, 1] sd: [1, 1]
0.014846340593 0 0.5
0.014846340593 1 0.5
mu: [1, 1] sd: [1, 1]
mu: [1, 1] sd: [1, 1]
0.0122941608272 0 0.5
0.0122941608272 1 0.5
mu: [1, 1] sd: [1, 1]
mu: [1, 1] sd: [1, 1]
0.0156256795137 0 0.5
0.0156256795137 1 0.5
mu: [1, 1] sd: [1, 1]
mu: [1, 1] sd: [1, 1]
0.0109424704651 0 0.5
0.0109424704651 1 0.5
mu: [1, 1] sd: [1, 1]
mu: [1, 1] sd: [1, 1]
0.0103172161895 0 0.5
0.0103172161895 1 0.5
mu: [1, 1] sd: [1, 1]
mu: [1, 1] sd: [1, 1]
0.0168593869614 0 0.5
0.0168593869614 1 0.5
mu: [1, 1] sd: [1, 1]
mu: [1, 1] sd: [1, 1]
0.00916082589828 0 0.5
0.00916082589828 1 0.5
mu: [1, 1] sd: [1, 1]
mu: [1, 1] sd: [1, 1]
0.0177266270407 0 0.5
0.0177266270407 1 0.5
mu: [1, 1] sd: [1, 1]
mu: [1, 1] sd: [1, 1]
0.0181741035053 0 0.5
0.0181741035053 1 0.5
mu: [1, 1] sd: [1, 1]
mu: [1, 1] sd: [1, 1]
0.00764165249223 0 0.5
0.00764165249223 1 0.5
mu: [1, 1] sd: [1, 1]
mu: [1, 1] sd: [1, 1]
0.0190974871788 0 0.5
0.0190974871788 1 0.5
mu: [1, 1] sd: [1, 1]
mu: [1, 1] sd: [1, 1]
0.0195736837633 0 0.5
0.0195736837633 1 0.5
mu: [1, 1] sd: [1, 1]
mu: [1, 1] sd: [1, 1]
0.00635145677618 0 0.5
0.00635145677618 1 0.5
mu: [1, 1] sd: [1, 1]
mu: [1, 1] sd: [1, 1]
0.0205558149261 0 0.5
0.0205558149261 1 0.5
mu: [1, 1] sd: [1, 1]
mu: [1, 1] sd: [1, 1]
0.0056035131236 0 0.5
0.0056035131236 1 0.5
mu: [1, 1] sd: [1, 1]
mu: [1, 1] sd: [1, 1]
0.0215785751506 0 0.5
0.0215785751506 1 0.5
mu: [1, 1] sd: [1, 1]
mu: [1, 1] sd: [1, 1]
0.0221055600665 0 0.5
0.0221055600665 1 0.5
mu: [1, 1] sd: [1, 1]
mu: [1, 1] sd: [1, 1]
0.00462951472736 0 0.5
0.00462951472736 1 0.5
mu: [1, 1] sd: [1, 1]
mu: [1, 1] sd: [1, 1]
0.00434055933519 0 0.5
0.00434055933519 1 0.5
mu: [1, 1] sd: [1, 1]
mu: [1, 1] sd: [1, 1]
0.00406800856835 0 0.5
0.00406800856835 1 0.5
mu: [1, 1] sd: [1, 1]
mu: [1, 1] sd: [1, 1]
0.00381104392947 0 0.5
0.00381104392947 1 0.5
mu: [1, 1] sd: [1, 1]
mu: [1, 1] sd: [1, 1]
0.0249024781042 0 0.5
0.0249024781042 1 0.5
mu: [1, 1] sd: [1, 1]
mu: [1, 1] sd: [1, 1]
0.0254953058603 0 0.5
0.0254953058603 1 0.5
mu: [1, 1] sd: [1, 1]
mu: [1, 1] sd: [1, 1]
0.0260996311369 0 0.5
0.0260996311369 1 0.5
mu: [1, 1] sd: [1, 1]
mu: [1, 1] sd: [1, 1]
0.0267156039279 0 0.5
0.0267156039279 1 0.5
mu: [1, 1] sd: [1, 1]
mu: [1, 1] sd: [1, 1]
0.0273433742325 0 0.5
0.0273433742325 1 0.5
mu: [1, 1] sd: [1, 1]
mu: [1, 1] sd: [1, 1]
0.0279830919946 0 0.5
0.0279830919946 1 0.5
mu: [1, 1] sd: [1, 1]
mu: [1, 1] sd: [1, 1]
0.00238673820461 0 0.5
0.00238673820461 1 0.5
mu: [1, 1] sd: [1, 1]
mu: [1, 1] sd: [1, 1]
0.0292989690151 0 0.5
0.0292989690151 1 0.5
mu: [1, 1] sd: [1, 1]
mu: [1, 1] sd: [1, 1]
0.0299754273184 0 0.5
0.0299754273184 1 0.5
mu: [1, 1] sd: [1, 1]
mu: [1, 1] sd: [1, 1]
0.00194129393305 0 0.5
0.00194129393305 1 0.5
mu: [1, 1] sd: [1, 1]
mu: [1, 1] sd: [1, 1]
0.0313661288796 0 0.5
0.0313661288796 1 0.5
mu: [1, 1] sd: [1, 1]
mu: [1, 1] sd: [1, 1]
0.00168815366816 0 0.5
0.00168815366816 1 0.5
mu: [1, 1] sd: [1, 1]
mu: [1, 1] sd: [1, 1]
0.0328081994493 0 0.5
0.0328081994493 1 0.5
mu: [1, 1] sd: [1, 1]
mu: [1, 1] sd: [1, 1]
0.0335488670648 0 0.5
0.0335488670648 1 0.5
mu: [1, 1] sd: [1, 1]
mu: [1, 1] sd: [1, 1]
0.0013648581043 0 0.5
0.0013648581043 1 0.5
mu: [1, 1] sd: [1, 1]
mu: [1, 1] sd: [1, 1]
0.0350701993066 0 0.5
0.0350701993066 1 0.5
mu: [1, 1] sd: [1, 1]
mu: [1, 1] sd: [1, 1]
0.00118213622207 0 0.5
0.00118213622207 1 0.5
mu: [1, 1] sd: [1, 1]
mu: [1, 1] sd: [1, 1]
0.0366458283924 0 0.5
0.0366458283924 1 0.5
mu: [1, 1] sd: [1, 1]
mu: [1, 1] sd: [1, 1]
0.0374543637209 0 0.5
0.0374543637209 1 0.5
mu: [1, 1] sd: [1, 1]
mu: [1, 1] sd: [1, 1]
0.000950018504735 0 0.5
0.000950018504735 1 0.5
mu: [1, 1] sd: [1, 1]
mu: [1, 1] sd: [1, 1]
0.0391135859888 0 0.5
0.0391135859888 1 0.5
mu: [1, 1] sd: [1, 1]
mu: [1, 1] sd: [1, 1]
0.0399645535067 0 0.5
0.0399645535067 1 0.5
mu: [1, 1] sd: [1, 1]
mu: [1, 1] sd: [1, 1]
0.000760729070631 0 0.5
0.000760729070631 1 0.5
mu: [1, 1] sd: [1, 1]
mu: [1, 1] sd: [1, 1]
0.000705853431932 0 0.5
0.000705853431932 1 0.5
mu: [1, 1] sd: [1, 1]
mu: [1, 1] sd: [1, 1]
0.00065467383304 0 0.5
0.00065467383304 1 0.5
mu: [1, 1] sd: [1, 1]
mu: [1, 1] sd: [1, 1]
0.000606961814141 0 0.5
0.000606961814141 1 0.5
mu: [1, 1] sd: [1, 1]
mu: [1, 1] sd: [1, 1]
0.0444384469496 0 0.5
0.0444384469496 1 0.5
mu: [1, 1] sd: [1, 1]
mu: [1, 1] sd: [1, 1]
0.000521089046946 0 0.5
0.000521089046946 1 0.5
mu: [1, 1] sd: [1, 1]
mu: [1, 1] sd: [1, 1]
0.0463327225582 0 0.5
0.0463327225582 1 0.5
mu: [1, 1] sd: [1, 1]
mu: [1, 1] sd: [1, 1]
0.0473028186344 0 0.5
0.0473028186344 1 0.5
mu: [1, 1] sd: [1, 1]
mu: [1, 1] sd: [1, 1]
0.0482883874422 0 0.5
0.0482883874422 1 0.5
mu: [1, 1] sd: [1, 1]
mu: [1, 1] sd: [1, 1]
0.0492895518045 0 0.5
0.0492895518045 1 0.5
mu: [1, 1] sd: [1, 1]
mu: [1, 1] sd: [1, 1]
0.0503064323609 0 0.5
0.0503064323609 1 0.5
mu: [1, 1] sd: [1, 1]
mu: [1, 1] sd: [1, 1]
0.000326577374337 0 0.5
0.000326577374337 1 0.5
mu: [1, 1] sd: [1, 1]
mu: [1, 1] sd: [1, 1]
0.000301686507651 0 0.5
0.000301686507651 1 0.5
mu: [1, 1] sd: [1, 1]
mu: [1, 1] sd: [1, 1]
0.0534525428512 0 0.5
0.0534525428512 1 0.5
mu: [1, 1] sd: [1, 1]
mu: [1, 1] sd: [1, 1]
0.000257142155221 0 0.5
0.000257142155221 1 0.5
mu: [1, 1] sd: [1, 1]
mu: [1, 1] sd: [1, 1]
0.000237258006458 0 0.5
0.000237258006458 1 0.5
mu: [1, 1] sd: [1, 1]
mu: [1, 1] sd: [1, 1]
0.0567442125628 0 0.5
0.0567442125628 1 0.5
mu: [1, 1] sd: [1, 1]
mu: [1, 1] sd: [1, 1]
0.0578742810003 0 0.5
0.0578742810003 1 0.5
mu: [1, 1] sd: [1, 1]
mu: [1, 1] sd: [1, 1]
0.00018591707348 0 0.5
0.00018591707348 1 0.5
mu: [1, 1] sd: [1, 1]
mu: [1, 1] sd: [1, 1]
0.0601842882872 0 0.5
0.0601842882872 1 0.5
mu: [1, 1] sd: [1, 1]
mu: [1, 1] sd: [1, 1]
0.00015770587687 0 0.5
0.00015770587687 1 0.5
mu: [1, 1] sd: [1, 1]
mu: [1, 1] sd: [1, 1]
0.000145161377369 0 0.5
0.000145161377369 1 0.5
mu: [1, 1] sd: [1, 1]
mu: [1, 1] sd: [1, 1]
0.0637753772983 0 0.5
0.0637753772983 1 0.5
mu: [1, 1] sd: [1, 1]
mu: [1, 1] sd: [1, 1]
0.0650063786015 0 0.5
0.0650063786015 1 0.5
mu: [1, 1] sd: [1, 1]
mu: [1, 1] sd: [1, 1]
0.000112931811469 0 0.5
0.000112931811469 1 0.5
mu: [1, 1] sd: [1, 1]
mu: [1, 1] sd: [1, 1]
0.000103782286403 0 0.5
0.000103782286403 1 0.5
mu: [1, 1] sd: [1, 1]
mu: [1, 1] sd: [1, 1]
0.0688024151026 0 0.5
0.0688024151026 1 0.5
mu: [1, 1] sd: [1, 1]
mu: [1, 1] sd: [1, 1]
0.0701023462606 0 0.5
0.0701023462606 1 0.5
mu: [1, 1] sd: [1, 1]
mu: [1, 1] sd: [1, 1]
8.03525491969e-05 0 0.5
8.03525491969e-05 1 0.5
mu: [1, 1] sd: [1, 1]
mu: [1, 1] sd: [1, 1]
7.3724245431e-05 0 0.5
7.3724245431e-05 1 0.5
mu: [1, 1] sd: [1, 1]
mu: [1, 1] sd: [1, 1]
6.76156064082e-05 0 0.5
6.76156064082e-05 1 0.5
mu: [1, 1] sd: [1, 1]
mu: [1, 1] sd: [1, 1]
6.19882666728e-05 0 0.5
6.19882666728e-05 1 0.5
mu: [1, 1] sd: [1, 1]
mu: [1, 1] sd: [1, 1]
5.68064921842e-05 0 0.5
5.68064921842e-05 1 0.5
mu: [1, 1] sd: [1, 1]
mu: [1, 1] sd: [1, 1]
0.0782693868538 0 0.5
0.0782693868538 1 0.5
mu: [1, 1] sd: [1, 1]
mu: [1, 1] sd: [1, 1]
0.079692268062 0 0.5
0.079692268062 1 0.5
mu: [1, 1] sd: [1, 1]
mu: [1, 1] sd: [1, 1]
4.3613306811e-05 0 0.5
4.3613306811e-05 1 0.5
mu: [1, 1] sd: [1, 1]
mu: [1, 1] sd: [1, 1]
3.99035223466e-05 0 0.5
3.99035223466e-05 1 0.5
mu: [1, 1] sd: [1, 1]
mu: [1, 1] sd: [1, 1]
0.0840674462572 0 0.5
0.0840674462572 1 0.5
mu: [1, 1] sd: [1, 1]
mu: [1, 1] sd: [1, 1]
3.33636432856e-05 0 0.5
3.33636432856e-05 1 0.5
mu: [1, 1] sd: [1, 1]
mu: [1, 1] sd: [1, 1]
0.0870732426151 0 0.5
0.0870732426151 1 0.5
mu: [1, 1] sd: [1, 1]
mu: [1, 1] sd: [1, 1]
2.78509133533e-05 0 0.5
2.78509133533e-05 1 0.5
mu: [1, 1] sd: [1, 1]
mu: [1, 1] sd: [1, 1]
0.0901503703451 0 0.5
0.0901503703451 1 0.5
mu: [1, 1] sd: [1, 1]
mu: [1, 1] sd: [1, 1]
0.091715690303 0 0.5
0.091715690303 1 0.5
mu: [1, 1] sd: [1, 1]
mu: [1, 1] sd: [1, 1]
0.0932988405497 0 0.5
0.0932988405497 1 0.5
mu: [1, 1] sd: [1, 1]
mu: [1, 1] sd: [1, 1]
1.93144612709e-05 0 0.5
1.93144612709e-05 1 0.5
mu: [1, 1] sd: [1, 1]
mu: [1, 1] sd: [1, 1]
1.76079267936e-05 0 0.5
1.76079267936e-05 1 0.5
mu: [1, 1] sd: [1, 1]
mu: [1, 1] sd: [1, 1]
0.098155122784 0 0.5
0.098155122784 1 0.5
mu: [1, 1] sd: [1, 1]
mu: [1, 1] sd: [1, 1]
1.4616294213e-05 0 0.5
1.4616294213e-05 1 0.5
mu: [1, 1] sd: [1, 1]
mu: [1, 1] sd: [1, 1]
0.101481420523 0 0.5
0.101481420523 1 0.5
mu: [1, 1] sd: [1, 1]
mu: [1, 1] sd: [1, 1]
1.21135117764e-05 0 0.5
1.21135117764e-05 1 0.5
mu: [1, 1] sd: [1, 1]
mu: [1, 1] sd: [1, 1]
1.10211106323e-05 0 0.5
1.10211106323e-05 1 0.5
mu: [1, 1] sd: [1, 1]
mu: [1, 1] sd: [1, 1]
0.106603267188 0 0.5
0.106603267188 1 0.5
mu: [1, 1] sd: [1, 1]
mu: [1, 1] sd: [1, 1]
9.11200096181e-06 0 0.5
9.11200096181e-06 1 0.5
mu: [1, 1] sd: [1, 1]
mu: [1, 1] sd: [1, 1]
8.28031494705e-06 0 0.5
8.28031494705e-06 1 0.5
mu: [1, 1] sd: [1, 1]
mu: [1, 1] sd: [1, 1]
0.111882675853 0 0.5
0.111882675853 1 0.5
mu: [1, 1] sd: [1, 1]
mu: [1, 1] sd: [1, 1]
6.82953061539e-06 0 0.5
6.82953061539e-06 1 0.5
mu: [1, 1] sd: [1, 1]
mu: [1, 1] sd: [1, 1]
6.19871626586e-06 0 0.5
6.19871626586e-06 1 0.5
mu: [1, 1] sd: [1, 1]
mu: [1, 1] sd: [1, 1]
0.117317696248 0 0.5
0.117317696248 1 0.5
mu: [1, 1] sd: [1, 1]
mu: [1, 1] sd: [1, 1]
0.119163537483 0 0.5
0.119163537483 1 0.5
mu: [1, 1] sd: [1, 1]
mu: [1, 1] sd: [1, 1]
0.121026293148 0 0.5
0.121026293148 1 0.5
mu: [1, 1] sd: [1, 1]
mu: [1, 1] sd: [1, 1]
4.18991011951e-06 0 0.5
4.18991011951e-06 1 0.5
mu: [1, 1] sd: [1, 1]
mu: [1, 1] sd: [1, 1]
0.124802093775 0 0.5
0.124802093775 1 0.5
mu: [1, 1] sd: [1, 1]
mu: [1, 1] sd: [1, 1]
3.43646390533e-06 0 0.5
3.43646390533e-06 1 0.5
mu: [1, 1] sd: [1, 1]
mu: [1, 1] sd: [1, 1]
0.128644121474 0 0.5
0.128644121474 1 0.5
mu: [1, 1] sd: [1, 1]
mu: [1, 1] sd: [1, 1]
2.8139903491e-06 0 0.5
2.8139903491e-06 1 0.5
mu: [1, 1] sd: [1, 1]
mu: [1, 1] sd: [1, 1]
2.54487768443e-06 0 0.5
2.54487768443e-06 1 0.5
mu: [1, 1] sd: [1, 1]
mu: [1, 1] sd: [1, 1]
2.30057903399e-06 0 0.5
2.30057903399e-06 1 0.5
mu: [1, 1] sd: [1, 1]
mu: [1, 1] sd: [1, 1]
2.07889873961e-06 0 0.5
2.07889873961e-06 1 0.5
mu: [1, 1] sd: [1, 1]
mu: [1, 1] sd: [1, 1]
1.87782643507e-06 0 0.5
1.87782643507e-06 1 0.5
mu: [1, 1] sd: [1, 1]
mu: [1, 1] sd: [1, 1]
0.140556124161 0 0.5
0.140556124161 1 0.5
mu: [1, 1] sd: [1, 1]
mu: [1, 1] sd: [1, 1]
0.142596030706 0 0.5
0.142596030706 1 0.5
mu: [1, 1] sd: [1, 1]
mu: [1, 1] sd: [1, 1]
1.38063027279e-06 0 0.5
1.38063027279e-06 1 0.5
mu: [1, 1] sd: [1, 1]
mu: [1, 1] sd: [1, 1]
1.2450971569e-06 0 0.5
1.2450971569e-06 1 0.5
mu: [1, 1] sd: [1, 1]
mu: [1, 1] sd: [1, 1]
1.12241904029e-06 0 0.5
1.12241904029e-06 1 0.5
mu: [1, 1] sd: [1, 1]
mu: [1, 1] sd: [1, 1]
0.150904755906 0 0.5
0.150904755906 1 0.5
mu: [1, 1] sd: [1, 1]
mu: [1, 1] sd: [1, 1]
9.11037797935e-07 0 0.5
9.11037797935e-07 1 0.5
mu: [1, 1] sd: [1, 1]
mu: [1, 1] sd: [1, 1]
8.20287289886e-07 0 0.5
8.20287289886e-07 1 0.5
mu: [1, 1] sd: [1, 1]
mu: [1, 1] sd: [1, 1]
0.157286925192 0 0.5
0.157286925192 1 0.5
mu: [1, 1] sd: [1, 1]
mu: [1, 1] sd: [1, 1]
6.64206250624e-07 0 0.5
6.64206250624e-07 1 0.5
mu: [1, 1] sd: [1, 1]
mu: [1, 1] sd: [1, 1]
5.97324526676e-07 0 0.5
5.97324526676e-07 1 0.5
mu: [1, 1] sd: [1, 1]
mu: [1, 1] sd: [1, 1]
5.36962146902e-07 0 0.5
5.36962146902e-07 1 0.5
mu: [1, 1] sd: [1, 1]
mu: [1, 1] sd: [1, 1]
0.165985309554 0 0.5
0.165985309554 1 0.5
mu: [1, 1] sd: [1, 1]
mu: [1, 1] sd: [1, 1]
0.168191916474 0 0.5
0.168191916474 1 0.5
mu: [1, 1] sd: [1, 1]
mu: [1, 1] sd: [1, 1]
0.170410781936 0 0.5
0.170410781936 1 0.5
mu: [1, 1] sd: [1, 1]
mu: [1, 1] sd: [1, 1]
0.172641620087 0 0.5
0.172641620087 1 0.5
mu: [1, 1] sd: [1, 1]
mu: [1, 1] sd: [1, 1]
0.174884137696 0 0.5
0.174884137696 1 0.5
mu: [1, 1] sd: [1, 1]
mu: [1, 1] sd: [1, 1]
2.80988296931e-07 0 0.5
2.80988296931e-07 1 0.5
mu: [1, 1] sd: [1, 1]
mu: [1, 1] sd: [1, 1]
2.51885458077e-07 0 0.5
2.51885458077e-07 1 0.5
mu: [1, 1] sd: [1, 1]
mu: [1, 1] sd: [1, 1]
0.18167872476 0 0.5
0.18167872476 1 0.5
mu: [1, 1] sd: [1, 1]
mu: [1, 1] sd: [1, 1]
0.183964881156 0 0.5
0.183964881156 1 0.5
mu: [1, 1] sd: [1, 1]
mu: [1, 1] sd: [1, 1]
1.81010301161e-07 0 0.5
1.81010301161e-07 1 0.5
mu: [1, 1] sd: [1, 1]
mu: [1, 1] sd: [1, 1]
0.188567167596 0 0.5
0.188567167596 1 0.5
mu: [1, 1] sd: [1, 1]
mu: [1, 1] sd: [1, 1]
1.44932714346e-07 0 0.5
1.44932714346e-07 1 0.5
mu: [1, 1] sd: [1, 1]
mu: [1, 1] sd: [1, 1]
1.29609517759e-07 0 0.5
1.29609517759e-07 1 0.5
mu: [1, 1] sd: [1, 1]
mu: [1, 1] sd: [1, 1]
0.195540370935 0 0.5
0.195540370935 1 0.5
mu: [1, 1] sd: [1, 1]
mu: [1, 1] sd: [1, 1]
0.197881952765 0 0.5
0.197881952765 1 0.5
mu: [1, 1] sd: [1, 1]
mu: [1, 1] sd: [1, 1]
0.200231510606 0 0.5
0.200231510606 1 0.5
mu: [1, 1] sd: [1, 1]
mu: [1, 1] sd: [1, 1]
8.25616022531e-08 0 0.5
8.25616022531e-08 1 0.5
mu: [1, 1] sd: [1, 1]
mu: [1, 1] sd: [1, 1]
0.204953031858 0 0.5
0.204953031858 1 0.5
mu: [1, 1] sd: [1, 1]
mu: [1, 1] sd: [1, 1]
6.57361593982e-08 0 0.5
6.57361593982e-08 1 0.5
mu: [1, 1] sd: [1, 1]
mu: [1, 1] sd: [1, 1]
0.209701822461 0 0.5
0.209701822461 1 0.5
mu: [1, 1] sd: [1, 1]
mu: [1, 1] sd: [1, 1]
0.212085442165 0 0.5
0.212085442165 1 0.5
mu: [1, 1] sd: [1, 1]
mu: [1, 1] sd: [1, 1]
4.65627000074e-08 0 0.5
4.65627000074e-08 1 0.5
mu: [1, 1] sd: [1, 1]
mu: [1, 1] sd: [1, 1]
0.216869070442 0 0.5
0.216869070442 1 0.5
mu: [1, 1] sd: [1, 1]
mu: [1, 1] sd: [1, 1]
0.219268236035 0 0.5
0.219268236035 1 0.5
mu: [1, 1] sd: [1, 1]
mu: [1, 1] sd: [1, 1]
3.28628627009e-08 0 0.5
3.28628627009e-08 1 0.5
mu: [1, 1] sd: [1, 1]
mu: [1, 1] sd: [1, 1]
2.92356669943e-08 0 0.5
2.92356669943e-08 1 0.5
mu: [1, 1] sd: [1, 1]
mu: [1, 1] sd: [1, 1]
0.226489951468 0 0.5
0.226489951468 1 0.5
mu: [1, 1] sd: [1, 1]
mu: [1, 1] sd: [1, 1]
2.31103241696e-08 0 0.5
2.31103241696e-08 1 0.5
mu: [1, 1] sd: [1, 1]
mu: [1, 1] sd: [1, 1]
2.05348461891e-08 0 0.5
2.05348461891e-08 1 0.5
mu: [1, 1] sd: [1, 1]
mu: [1, 1] sd: [1, 1]
1.82390748381e-08 0 0.5
1.82390748381e-08 1 0.5
mu: [1, 1] sd: [1, 1]
mu: [1, 1] sd: [1, 1]
1.61934763247e-08 0 0.5
1.61934763247e-08 1 0.5
mu: [1, 1] sd: [1, 1]
mu: [1, 1] sd: [1, 1]
1.43715400752e-08 0 0.5
1.43715400752e-08 1 0.5
mu: [1, 1] sd: [1, 1]
mu: [1, 1] sd: [1, 1]
0.241001877942 0 0.5
0.241001877942 1 0.5
mu: [1, 1] sd: [1, 1]
mu: [1, 1] sd: [1, 1]
0.243423984643 0 0.5
0.243423984643 1 0.5
mu: [1, 1] sd: [1, 1]
mu: [1, 1] sd: [1, 1]
1.00218656062e-08 0 0.5
1.00218656062e-08 1 0.5
mu: [1, 1] sd: [1, 1]
mu: [1, 1] sd: [1, 1]
8.88005245364e-09 0 0.5
8.88005245364e-09 1 0.5
mu: [1, 1] sd: [1, 1]
mu: [1, 1] sd: [1, 1]
0.25068658257 0 0.5
0.25068658257 1 0.5
mu: [1, 1] sd: [1, 1]
mu: [1, 1] sd: [1, 1]
0.25310455713 0 0.5
0.25310455713 1 0.5
mu: [1, 1] sd: [1, 1]
mu: [1, 1] sd: [1, 1]
0.255520249555 0 0.5
0.255520249555 1 0.5
mu: [1, 1] sd: [1, 1]
mu: [1, 1] sd: [1, 1]
0.257933151672 0 0.5
0.257933151672 1 0.5
mu: [1, 1] sd: [1, 1]
mu: [1, 1] sd: [1, 1]
0.260342751324 0 0.5
0.260342751324 1 0.5
mu: [1, 1] sd: [1, 1]
mu: [1, 1] sd: [1, 1]
4.26149408442e-09 0 0.5
4.26149408442e-09 1 0.5
mu: [1, 1] sd: [1, 1]
mu: [1, 1] sd: [1, 1]
0.265149975725 0 0.5
0.265149975725 1 0.5
mu: [1, 1] sd: [1, 1]
mu: [1, 1] sd: [1, 1]
3.32571337352e-09 0 0.5
3.32571337352e-09 1 0.5
mu: [1, 1] sd: [1, 1]
mu: [1, 1] sd: [1, 1]
2.93619693972e-09 0 0.5
2.93619693972e-09 1 0.5
mu: [1, 1] sd: [1, 1]
mu: [1, 1] sd: [1, 1]
0.272323030032 0 0.5
0.272323030032 1 0.5
mu: [1, 1] sd: [1, 1]
mu: [1, 1] sd: [1, 1]
0.27470185836 0 0.5
0.27470185836 1 0.5
mu: [1, 1] sd: [1, 1]
mu: [1, 1] sd: [1, 1]
0.277073702252 0 0.5
0.277073702252 1 0.5
mu: [1, 1] sd: [1, 1]
mu: [1, 1] sd: [1, 1]
1.77683043084e-09 0 0.5
1.77683043084e-09 1 0.5
mu: [1, 1] sd: [1, 1]
mu: [1, 1] sd: [1, 1]
0.28179428377 0 0.5
0.28179428377 1 0.5
mu: [1, 1] sd: [1, 1]
mu: [1, 1] sd: [1, 1]
1.37889751828e-09 0 0.5
1.37889751828e-09 1 0.5
mu: [1, 1] sd: [1, 1]
mu: [1, 1] sd: [1, 1]
0.286480446425 0 0.5
0.286480446425 1 0.5
mu: [1, 1] sd: [1, 1]
mu: [1, 1] sd: [1, 1]
0.288809259439 0 0.5
0.288809259439 1 0.5
mu: [1, 1] sd: [1, 1]
mu: [1, 1] sd: [1, 1]
0.291127830925 0 0.5
0.291127830925 1 0.5
mu: [1, 1] sd: [1, 1]
mu: [1, 1] sd: [1, 1]
8.26447392568e-10 0 0.5
8.26447392568e-10 1 0.5
mu: [1, 1] sd: [1, 1]
mu: [1, 1] sd: [1, 1]
7.26441849412e-10 0 0.5
7.26441849412e-10 1 0.5
mu: [1, 1] sd: [1, 1]
mu: [1, 1] sd: [1, 1]
6.38281756092e-10 0 0.5
6.38281756092e-10 1 0.5
mu: [1, 1] sd: [1, 1]
mu: [1, 1] sd: [1, 1]
0.300288711977 0 0.5
0.300288711977 1 0.5
mu: [1, 1] sd: [1, 1]
mu: [1, 1] sd: [1, 1]
4.92168014197e-10 0 0.5
4.92168014197e-10 1 0.5
mu: [1, 1] sd: [1, 1]
mu: [1, 1] sd: [1, 1]
4.3191945279e-10 0 0.5
4.3191945279e-10 1 0.5
mu: [1, 1] sd: [1, 1]
mu: [1, 1] sd: [1, 1]
3.78894304523e-10 0 0.5
3.78894304523e-10 1 0.5
mu: [1, 1] sd: [1, 1]
mu: [1, 1] sd: [1, 1]
3.32245665768e-10 0 0.5
3.32245665768e-10 1 0.5
mu: [1, 1] sd: [1, 1]
mu: [1, 1] sd: [1, 1]
0.311443298532 0 0.5
0.311443298532 1 0.5
mu: [1, 1] sd: [1, 1]
mu: [1, 1] sd: [1, 1]
2.55164128948e-10 0 0.5
2.55164128948e-10 1 0.5
mu: [1, 1] sd: [1, 1]
mu: [1, 1] sd: [1, 1]
0.315798722367 0 0.5
0.315798722367 1 0.5
mu: [1, 1] sd: [1, 1]
mu: [1, 1] sd: [1, 1]
0.317951430385 0 0.5
0.317951430385 1 0.5
mu: [1, 1] sd: [1, 1]
mu: [1, 1] sd: [1, 1]
1.71220031788e-10 0 0.5
1.71220031788e-10 1 0.5
mu: [1, 1] sd: [1, 1]
mu: [1, 1] sd: [1, 1]
0.322204100204 0 0.5
0.322204100204 1 0.5
mu: [1, 1] sd: [1, 1]
mu: [1, 1] sd: [1, 1]
0.3243029714 0 0.5
0.3243029714 1 0.5
mu: [1, 1] sd: [1, 1]
mu: [1, 1] sd: [1, 1]
0.326382809569 0 0.5
0.326382809569 1 0.5
mu: [1, 1] sd: [1, 1]
mu: [1, 1] sd: [1, 1]
0.32844307453 0 0.5
0.32844307453 1 0.5
mu: [1, 1] sd: [1, 1]
mu: [1, 1] sd: [1, 1]
0.330483228568 0 0.5
0.330483228568 1 0.5
mu: [1, 1] sd: [1, 1]
mu: [1, 1] sd: [1, 1]
7.62648995532e-11 0 0.5
7.62648995532e-11 1 0.5
mu: [1, 1] sd: [1, 1]
mu: [1, 1] sd: [1, 1]
6.65544594805e-11 0 0.5
6.65544594805e-11 1 0.5
mu: [1, 1] sd: [1, 1]
mu: [1, 1] sd: [1, 1]
5.80571286538e-11 0 0.5
5.80571286538e-11 1 0.5
mu: [1, 1] sd: [1, 1]
mu: [1, 1] sd: [1, 1]
5.06243989041e-11 0 0.5
5.06243989041e-11 1 0.5
mu: [1, 1] sd: [1, 1]
mu: [1, 1] sd: [1, 1]
0.340363716652 0 0.5
0.340363716652 1 0.5
mu: [1, 1] sd: [1, 1]
mu: [1, 1] sd: [1, 1]
3.84455727714e-11 0 0.5
3.84455727714e-11 1 0.5
mu: [1, 1] sd: [1, 1]
mu: [1, 1] sd: [1, 1]
0.34415665767 0 0.5
0.34415665767 1 0.5
mu: [1, 1] sd: [1, 1]
mu: [1, 1] sd: [1, 1]
0.346016938851 0 0.5
0.346016938851 1 0.5
mu: [1, 1] sd: [1, 1]
mu: [1, 1] sd: [1, 1]
0.347852418807 0 0.5
0.347852418807 1 0.5
mu: [1, 1] sd: [1, 1]
mu: [1, 1] sd: [1, 1]
0.349662597189 0 0.5
0.349662597189 1 0.5
mu: [1, 1] sd: [1, 1]
mu: [1, 1] sd: [1, 1]
1.91874086277e-11 0 0.5
1.91874086277e-11 1 0.5
mu: [1, 1] sd: [1, 1]
mu: [1, 1] sd: [1, 1]
1.66773915522e-11 0 0.5
1.66773915522e-11 1 0.5
mu: [1, 1] sd: [1, 1]
mu: [1, 1] sd: [1, 1]
1.44899157421e-11 0 0.5
1.44899157421e-11 1 0.5
mu: [1, 1] sd: [1, 1]
mu: [1, 1] sd: [1, 1]
0.35664046759 0 0.5
0.35664046759 1 0.5
mu: [1, 1] sd: [1, 1]
mu: [1, 1] sd: [1, 1]
0.358316815587 0 0.5
0.358316815587 1 0.5
mu: [1, 1] sd: [1, 1]
mu: [1, 1] sd: [1, 1]
0.359964972661 0 0.5
0.359964972661 1 0.5
mu: [1, 1] sd: [1, 1]
mu: [1, 1] sd: [1, 1]
8.22386820817e-12 0 0.5
8.22386820817e-12 1 0.5
mu: [1, 1] sd: [1, 1]
mu: [1, 1] sd: [1, 1]
0.363174877759 0 0.5
0.363174877759 1 0.5
mu: [1, 1] sd: [1, 1]
mu: [1, 1] sd: [1, 1]
6.1806889575e-12 0 0.5
6.1806889575e-12 1 0.5
mu: [1, 1] sd: [1, 1]
mu: [1, 1] sd: [1, 1]
5.35495915874e-12 0 0.5
5.35495915874e-12 1 0.5
mu: [1, 1] sd: [1, 1]
mu: [1, 1] sd: [1, 1]
4.63768632945e-12 0 0.5
4.63768632945e-12 1 0.5
mu: [1, 1] sd: [1, 1]
mu: [1, 1] sd: [1, 1]
0.369236575563 0 0.5
0.369236575563 1 0.5
mu: [1, 1] sd: [1, 1]
mu: [1, 1] sd: [1, 1]
0.370674877138 0 0.5
0.370674877138 1 0.5
mu: [1, 1] sd: [1, 1]
mu: [1, 1] sd: [1, 1]
0.37208149684 0 0.5
0.37208149684 1 0.5
mu: [1, 1] sd: [1, 1]
mu: [1, 1] sd: [1, 1]
0.373456032034 0 0.5
0.373456032034 1 0.5
mu: [1, 1] sd: [1, 1]
mu: [1, 1] sd: [1, 1]
0.374798088244 0 0.5
0.374798088244 1 0.5
mu: [1, 1] sd: [1, 1]
mu: [1, 1] sd: [1, 1]
0.376107279333 0 0.5
0.376107279333 1 0.5
mu: [1, 1] sd: [1, 1]
mu: [1, 1] sd: [1, 1]
1.67588414604e-12 0 0.5
1.67588414604e-12 1 0.5
mu: [1, 1] sd: [1, 1]
mu: [1, 1] sd: [1, 1]
0.378625564427 0 0.5
0.378625564427 1 0.5
mu: [1, 1] sd: [1, 1]
mu: [1, 1] sd: [1, 1]
1.24846189756e-12 0 0.5
1.24846189756e-12 1 0.5
mu: [1, 1] sd: [1, 1]
mu: [1, 1] sd: [1, 1]
0.381007972033 0 0.5
0.381007972033 1 0.5
mu: [1, 1] sd: [1, 1]
mu: [1, 1] sd: [1, 1]
9.28560765242e-13 0 0.5
9.28560765242e-13 1 0.5
mu: [1, 1] sd: [1, 1]
mu: [1, 1] sd: [1, 1]
8.00325674236e-13 0 0.5
8.00325674236e-13 1 0.5
mu: [1, 1] sd: [1, 1]
mu: [1, 1] sd: [1, 1]
6.89523549333e-13 0 0.5
6.89523549333e-13 1 0.5
mu: [1, 1] sd: [1, 1]
mu: [1, 1] sd: [1, 1]
5.9382351529e-13 0 0.5
5.9382351529e-13 1 0.5
mu: [1, 1] sd: [1, 1]
mu: [1, 1] sd: [1, 1]
5.11200905176e-13 0 0.5
5.11200905176e-13 1 0.5
mu: [1, 1] sd: [1, 1]
mu: [1, 1] sd: [1, 1]
4.39897780726e-13 0 0.5
4.39897780726e-13 1 0.5
mu: [1, 1] sd: [1, 1]
mu: [1, 1] sd: [1, 1]
3.78388441817e-13 0 0.5
3.78388441817e-13 1 0.5
mu: [1, 1] sd: [1, 1]
mu: [1, 1] sd: [1, 1]
0.38912570561 0 0.5
0.38912570561 1 0.5
mu: [1, 1] sd: [1, 1]
mu: [1, 1] sd: [1, 1]
0.389976627809 0 0.5
0.389976627809 1 0.5
mu: [1, 1] sd: [1, 1]
mu: [1, 1] sd: [1, 1]
2.40243552277e-13 0 0.5
2.40243552277e-13 1 0.5
mu: [1, 1] sd: [1, 1]
mu: [1, 1] sd: [1, 1]
2.06320113887e-13 0 0.5
2.06320113887e-13 1 0.5
mu: [1, 1] sd: [1, 1]
mu: [1, 1] sd: [1, 1]
1.77115810636e-13 0 0.5
1.77115810636e-13 1 0.5
mu: [1, 1] sd: [1, 1]
mu: [1, 1] sd: [1, 1]
0.393004975394 0 0.5
0.393004975394 1 0.5
mu: [1, 1] sd: [1, 1]
mu: [1, 1] sd: [1, 1]
1.30366695889e-13 0 0.5
1.30366695889e-13 1 0.5
mu: [1, 1] sd: [1, 1]
mu: [1, 1] sd: [1, 1]
1.11779000941e-13 0 0.5
1.11779000941e-13 1 0.5
mu: [1, 1] sd: [1, 1]
mu: [1, 1] sd: [1, 1]
9.58031354628e-14 0 0.5
9.58031354628e-14 1 0.5
mu: [1, 1] sd: [1, 1]
mu: [1, 1] sd: [1, 1]
0.395422387973 0 0.5
0.395422387973 1 0.5
mu: [1, 1] sd: [1, 1]
mu: [1, 1] sd: [1, 1]
7.0290482483e-14 0 0.5
7.0290482483e-14 1 0.5
mu: [1, 1] sd: [1, 1]
mu: [1, 1] sd: [1, 1]
6.01719140458e-14 0 0.5
6.01719140458e-14 1 0.5
mu: [1, 1] sd: [1, 1]
mu: [1, 1] sd: [1, 1]
0.396827477539 0 0.5
0.396827477539 1 0.5
mu: [1, 1] sd: [1, 1]
mu: [1, 1] sd: [1, 1]
0.3972173388 0 0.5
0.3972173388 1 0.5
mu: [1, 1] sd: [1, 1]
mu: [1, 1] sd: [1, 1]
0.397567744676 0 0.5
0.397567744676 1 0.5
mu: [1, 1] sd: [1, 1]
mu: [1, 1] sd: [1, 1]
3.218417472e-14 0 0.5
3.218417472e-14 1 0.5
mu: [1, 1] sd: [1, 1]
mu: [1, 1] sd: [1, 1]
0.398149781859 0 0.5
0.398149781859 1 0.5
mu: [1, 1] sd: [1, 1]
mu: [1, 1] sd: [1, 1]
0.39838123853 0 0.5
0.39838123853 1 0.5
mu: [1, 1] sd: [1, 1]
mu: [1, 1] sd: [1, 1]
2.00447710423e-14 0 0.5
2.00447710423e-14 1 0.5
mu: [1, 1] sd: [1, 1]
mu: [1, 1] sd: [1, 1]
0.398724680595 0 0.5
0.398724680595 1 0.5
mu: [1, 1] sd: [1, 1]
mu: [1, 1] sd: [1, 1]
1.45893716065e-14 0 0.5
1.45893716065e-14 1 0.5
mu: [1, 1] sd: [1, 1]
mu: [1, 1] sd: [1, 1]
0.398908503686 0 0.5
0.398908503686 1 0.5
mu: [1, 1] sd: [1, 1]
mu: [1, 1] sd: [1, 1]
0.398940481569 0 0.5
0.398940481569 1 0.5
mu: [1, 1] sd: [1, 1]
mu: [1, 1] sd: [1, 1]
0.398932486858 0 0.5
0.398932486858 1 0.5
mu: [1, 1] sd: [1, 1]
mu: [1, 1] sd: [1, 1]
7.69163682718e-15 0 0.5
7.69163682718e-15 1 0.5
mu: [1, 1] sd: [1, 1]
mu: [1, 1] sd: [1, 1]
0.398796601279 0 0.5
0.398796601279 1 0.5
mu: [1, 1] sd: [1, 1]
mu: [1, 1] sd: [1, 1]
0.398668751252 0 0.5
0.398668751252 1 0.5
mu: [1, 1] sd: [1, 1]
mu: [1, 1] sd: [1, 1]
0.39850101029 0 0.5
0.39850101029 1 0.5
mu: [1, 1] sd: [1, 1]
mu: [1, 1] sd: [1, 1]
4.02917287853e-15 0 0.5
4.02917287853e-15 1 0.5
mu: [1, 1] sd: [1, 1]
mu: [1, 1] sd: [1, 1]
3.42436477111e-15 0 0.5
3.42436477111e-15 1 0.5
mu: [1, 1] sd: [1, 1]
mu: [1, 1] sd: [1, 1]
0.397759005422 0 0.5
0.397759005422 1 0.5
mu: [1, 1] sd: [1, 1]
mu: [1, 1] sd: [1, 1]
2.47050683859e-15 0 0.5
2.47050683859e-15 1 0.5
mu: [1, 1] sd: [1, 1]
mu: [1, 1] sd: [1, 1]
0.397066122663 0 0.5
0.397066122663 1 0.5
mu: [1, 1] sd: [1, 1]
mu: [1, 1] sd: [1, 1]
1.77949116978e-15 0 0.5
1.77949116978e-15 1 0.5
mu: [1, 1] sd: [1, 1]
mu: [1, 1] sd: [1, 1]
1.50934884621e-15 0 0.5
1.50934884621e-15 1 0.5
mu: [1, 1] sd: [1, 1]
mu: [1, 1] sd: [1, 1]
0.395731556022 0 0.5
0.395731556022 1 0.5
mu: [1, 1] sd: [1, 1]
mu: [1, 1] sd: [1, 1]
1.08456356226e-15 0 0.5
1.08456356226e-15 1 0.5
mu: [1, 1] sd: [1, 1]
mu: [1, 1] sd: [1, 1]
9.18811880392e-16 0 0.5
9.18811880392e-16 1 0.5
mu: [1, 1] sd: [1, 1]
mu: [1, 1] sd: [1, 1]
0.394045962961 0 0.5
0.394045962961 1 0.5
mu: [1, 1] sd: [1, 1]
mu: [1, 1] sd: [1, 1]
6.58639222822e-16 0 0.5
6.58639222822e-16 1 0.5
mu: [1, 1] sd: [1, 1]
mu: [1, 1] sd: [1, 1]
5.5731019178e-16 0 0.5
5.5731019178e-16 1 0.5
mu: [1, 1] sd: [1, 1]
mu: [1, 1] sd: [1, 1]
4.71381262061e-16 0 0.5
4.71381262061e-16 1 0.5
mu: [1, 1] sd: [1, 1]
mu: [1, 1] sd: [1, 1]
0.391260421721 0 0.5
0.391260421721 1 0.5
mu: [1, 1] sd: [1, 1]
mu: [1, 1] sd: [1, 1]
3.36822253154e-16 0 0.5
3.36822253154e-16 1 0.5
mu: [1, 1] sd: [1, 1]
mu: [1, 1] sd: [1, 1]
2.84546933083e-16 0 0.5
2.84546933083e-16 1 0.5
mu: [1, 1] sd: [1, 1]
mu: [1, 1] sd: [1, 1]
0.388774949177 0 0.5
0.388774949177 1 0.5
mu: [1, 1] sd: [1, 1]
mu: [1, 1] sd: [1, 1]
2.02832702163e-16 0 0.5
2.02832702163e-16 1 0.5
mu: [1, 1] sd: [1, 1]
mu: [1, 1] sd: [1, 1]
1.71146850488e-16 0 0.5
1.71146850488e-16 1 0.5
mu: [1, 1] sd: [1, 1]
mu: [1, 1] sd: [1, 1]
0.385957051439 0 0.5
0.385957051439 1 0.5
mu: [1, 1] sd: [1, 1]
mu: [1, 1] sd: [1, 1]
0.384945147342 0 0.5
0.384945147342 1 0.5
mu: [1, 1] sd: [1, 1]
mu: [1, 1] sd: [1, 1]
1.02569283603e-16 0 0.5
1.02569283603e-16 1 0.5
mu: [1, 1] sd: [1, 1]
mu: [1, 1] sd: [1, 1]
0.382814199648 0 0.5
0.382814199648 1 0.5
mu: [1, 1] sd: [1, 1]
mu: [1, 1] sd: [1, 1]
0.381695780153 0 0.5
0.381695780153 1 0.5
mu: [1, 1] sd: [1, 1]
mu: [1, 1] sd: [1, 1]
0.380542495819 0 0.5
0.380542495819 1 0.5
mu: [1, 1] sd: [1, 1]
mu: [1, 1] sd: [1, 1]
0.379354682748 0 0.5
0.379354682748 1 0.5
mu: [1, 1] sd: [1, 1]
mu: [1, 1] sd: [1, 1]
0.37813268637 0 0.5
0.37813268637 1 0.5
mu: [1, 1] sd: [1, 1]
mu: [1, 1] sd: [1, 1]
0.376876861283 0 0.5
0.376876861283 1 0.5
mu: [1, 1] sd: [1, 1]
mu: [1, 1] sd: [1, 1]
0.375587571072 0 0.5
0.375587571072 1 0.5
mu: [1, 1] sd: [1, 1]
mu: [1, 1] sd: [1, 1]
0.37426518814 0 0.5
0.37426518814 1 0.5
mu: [1, 1] sd: [1, 1]
mu: [1, 1] sd: [1, 1]
0.372910093529 0 0.5
0.372910093529 1 0.5
mu: [1, 1] sd: [1, 1]
mu: [1, 1] sd: [1, 1]
0.371522676733 0 0.5
0.371522676733 1 0.5
mu: [1, 1] sd: [1, 1]
mu: [1, 1] sd: [1, 1]
0.370103335516 0 0.5
0.370103335516 1 0.5
mu: [1, 1] sd: [1, 1]
mu: [1, 1] sd: [1, 1]
1.27627730755e-17 0 0.5
1.27627730755e-17 1 0.5
mu: [1, 1] sd: [1, 1]
mu: [1, 1] sd: [1, 1]
0.367170511068 0 0.5
0.367170511068 1 0.5
mu: [1, 1] sd: [1, 1]
mu: [1, 1] sd: [1, 1]
8.96732165092e-18 0 0.5
8.96732165092e-18 1 0.5
mu: [1, 1] sd: [1, 1]
mu: [1, 1] sd: [1, 1]
7.51208510445e-18 0 0.5
7.51208510445e-18 1 0.5
mu: [1, 1] sd: [1, 1]
mu: [1, 1] sd: [1, 1]
6.29048578409e-18 0 0.5
6.29048578409e-18 1 0.5
mu: [1, 1] sd: [1, 1]
mu: [1, 1] sd: [1, 1]
5.26542953648e-18 0 0.5
5.26542953648e-18 1 0.5
mu: [1, 1] sd: [1, 1]
mu: [1, 1] sd: [1, 1]
0.359309122371 0 0.5
0.359309122371 1 0.5
mu: [1, 1] sd: [1, 1]
mu: [1, 1] sd: [1, 1]
0.357649633285 0 0.5
0.357649633285 1 0.5
mu: [1, 1] sd: [1, 1]
mu: [1, 1] sd: [1, 1]
3.0806209956e-18 0 0.5
3.0806209956e-18 1 0.5
mu: [1, 1] sd: [1, 1]
mu: [1, 1] sd: [1, 1]
2.57449248255e-18 0 0.5
2.57449248255e-18 1 0.5
mu: [1, 1] sd: [1, 1]
mu: [1, 1] sd: [1, 1]
0.352505020876 0 0.5
0.352505020876 1 0.5
mu: [1, 1] sd: [1, 1]
mu: [1, 1] sd: [1, 1]
1.79587516599e-18 0 0.5
1.79587516599e-18 1 0.5
mu: [1, 1] sd: [1, 1]
mu: [1, 1] sd: [1, 1]
0.348941593842 0 0.5
0.348941593842 1 0.5
mu: [1, 1] sd: [1, 1]
mu: [1, 1] sd: [1, 1]
1.2507323956e-18 0 0.5
1.2507323956e-18 1 0.5
mu: [1, 1] sd: [1, 1]
mu: [1, 1] sd: [1, 1]
1.04315159657e-18 0 0.5
1.04315159657e-18 1 0.5
mu: [1, 1] sd: [1, 1]
mu: [1, 1] sd: [1, 1]
8.69673806094e-19 0 0.5
8.69673806094e-19 1 0.5
mu: [1, 1] sd: [1, 1]
mu: [1, 1] sd: [1, 1]
0.341511560576 0 0.5
0.341511560576 1 0.5
mu: [1, 1] sd: [1, 1]
mu: [1, 1] sd: [1, 1]
6.03743012644e-19 0 0.5
6.03743012644e-19 1 0.5
mu: [1, 1] sd: [1, 1]
mu: [1, 1] sd: [1, 1]
0.337653025593 0 0.5
0.337653025593 1 0.5
mu: [1, 1] sd: [1, 1]
mu: [1, 1] sd: [1, 1]
4.18457718037e-19 0 0.5
4.18457718037e-19 1 0.5
mu: [1, 1] sd: [1, 1]
mu: [1, 1] sd: [1, 1]
3.4816909306e-19 0 0.5
3.4816909306e-19 1 0.5
mu: [1, 1] sd: [1, 1]
mu: [1, 1] sd: [1, 1]
2.8957081221e-19 0 0.5
2.8957081221e-19 1 0.5
mu: [1, 1] sd: [1, 1]
mu: [1, 1] sd: [1, 1]
2.40738353877e-19 0 0.5
2.40738353877e-19 1 0.5
mu: [1, 1] sd: [1, 1]
mu: [1, 1] sd: [1, 1]
0.327621351802 0 0.5
0.327621351802 1 0.5
mu: [1, 1] sd: [1, 1]
mu: [1, 1] sd: [1, 1]
0.325553192889 0 0.5
0.325553192889 1 0.5
mu: [1, 1] sd: [1, 1]
mu: [1, 1] sd: [1, 1]
0.323465676557 0 0.5
0.323465676557 1 0.5
mu: [1, 1] sd: [1, 1]
mu: [1, 1] sd: [1, 1]
1.14542494868e-19 0 0.5
1.14542494868e-19 1 0.5
mu: [1, 1] sd: [1, 1]
mu: [1, 1] sd: [1, 1]
0.319234738185 0 0.5
0.319234738185 1 0.5
mu: [1, 1] sd: [1, 1]
mu: [1, 1] sd: [1, 1]
7.88193628197e-20 0 0.5
7.88193628197e-20 1 0.5
mu: [1, 1] sd: [1, 1]
mu: [1, 1] sd: [1, 1]
6.53438865035e-20 0 0.5
6.53438865035e-20 1 0.5
mu: [1, 1] sd: [1, 1]
mu: [1, 1] sd: [1, 1]
5.41505582284e-20 0 0.5
5.41505582284e-20 1 0.5
mu: [1, 1] sd: [1, 1]
mu: [1, 1] sd: [1, 1]
0.310564511408 0 0.5
0.310564511408 1 0.5
mu: [1, 1] sd: [1, 1]
mu: [1, 1] sd: [1, 1]
0.308356747751 0 0.5
0.308356747751 1 0.5
mu: [1, 1] sd: [1, 1]
mu: [1, 1] sd: [1, 1]
0.30613400255 0 0.5
0.30613400255 1 0.5
mu: [1, 1] sd: [1, 1]
mu: [1, 1] sd: [1, 1]
0.303896827609 0 0.5
0.303896827609 1 0.5
mu: [1, 1] sd: [1, 1]
mu: [1, 1] sd: [1, 1]
0.301645775047 0 0.5
0.301645775047 1 0.5
mu: [1, 1] sd: [1, 1]
mu: [1, 1] sd: [1, 1]
1.73914348882e-20 0 0.5
1.73914348882e-20 1 0.5
mu: [1, 1] sd: [1, 1]
mu: [1, 1] sd: [1, 1]
1.4371924637e-20 0 0.5
1.4371924637e-20 1 0.5
mu: [1, 1] sd: [1, 1]
mu: [1, 1] sd: [1, 1]
0.294814872935 0 0.5
0.294814872935 1 0.5
mu: [1, 1] sd: [1, 1]
mu: [1, 1] sd: [1, 1]
0.292513829672 0 0.5
0.292513829672 1 0.5
mu: [1, 1] sd: [1, 1]
mu: [1, 1] sd: [1, 1]
0.290201666403 0 0.5
0.290201666403 1 0.5
mu: [1, 1] sd: [1, 1]
mu: [1, 1] sd: [1, 1]
6.67563123325e-21 0 0.5
6.67563123325e-21 1 0.5
mu: [1, 1] sd: [1, 1]
mu: [1, 1] sd: [1, 1]
5.5055603202e-21 0 0.5
5.5055603202e-21 1 0.5
mu: [1, 1] sd: [1, 1]
mu: [1, 1] sd: [1, 1]
0.283203944351 0 0.5
0.283203944351 1 0.5
mu: [1, 1] sd: [1, 1]
mu: [1, 1] sd: [1, 1]
3.74022477467e-21 0 0.5
3.74022477467e-21 1 0.5
mu: [1, 1] sd: [1, 1]
mu: [1, 1] sd: [1, 1]
0.278493232493 0 0.5
0.278493232493 1 0.5
mu: [1, 1] sd: [1, 1]
mu: [1, 1] sd: [1, 1]
2.53686652004e-21 0 0.5
2.53686652004e-21 1 0.5
mu: [1, 1] sd: [1, 1]
mu: [1, 1] sd: [1, 1]
2.08802875649e-21 0 0.5
2.08802875649e-21 1 0.5
mu: [1, 1] sd: [1, 1]
mu: [1, 1] sd: [1, 1]
0.271369663014 0 0.5
0.271369663014 1 0.5
mu: [1, 1] sd: [1, 1]
mu: [1, 1] sd: [1, 1]
0.26898195486 0 0.5
0.26898195486 1 0.5
mu: [1, 1] sd: [1, 1]
mu: [1, 1] sd: [1, 1]
0.266588541914 0 0.5
0.266588541914 1 0.5
mu: [1, 1] sd: [1, 1]
mu: [1, 1] sd: [1, 1]
0.264189952419 0 0.5
0.264189952419 1 0.5
mu: [1, 1] sd: [1, 1]
mu: [1, 1] sd: [1, 1]
0.261786711444 0 0.5
0.261786711444 1 0.5
mu: [1, 1] sd: [1, 1]
mu: [1, 1] sd: [1, 1]
0.259379340697 0 0.5
0.259379340697 1 0.5
mu: [1, 1] sd: [1, 1]
mu: [1, 1] sd: [1, 1]
5.2836573369e-22 0 0.5
5.2836573369e-22 1 0.5
mu: [1, 1] sd: [1, 1]
mu: [1, 1] sd: [1, 1]
4.33491890066e-22 0 0.5
4.33491890066e-22 1 0.5
mu: [1, 1] sd: [1, 1]
mu: [1, 1] sd: [1, 1]
3.55511164373e-22 0 0.5
3.55511164373e-22 1 0.5
mu: [1, 1] sd: [1, 1]
mu: [1, 1] sd: [1, 1]
2.91441534436e-22 0 0.5
2.91441534436e-22 1 0.5
mu: [1, 1] sd: [1, 1]
mu: [1, 1] sd: [1, 1]
0.247298543048 0 0.5
0.247298543048 1 0.5
mu: [1, 1] sd: [1, 1]
mu: [1, 1] sd: [1, 1]
1.95625583216e-22 0 0.5
1.95625583216e-22 1 0.5
mu: [1, 1] sd: [1, 1]
mu: [1, 1] sd: [1, 1]
1.60177552522e-22 0 0.5
1.60177552522e-22 1 0.5
mu: [1, 1] sd: [1, 1]
mu: [1, 1] sd: [1, 1]
0.240033062357 0 0.5
0.240033062357 1 0.5
mu: [1, 1] sd: [1, 1]
mu: [1, 1] sd: [1, 1]
0.237611361302 0 0.5
0.237611361302 1 0.5
mu: [1, 1] sd: [1, 1]
mu: [1, 1] sd: [1, 1]
8.77173030367e-23 0 0.5
8.77173030367e-23 1 0.5
mu: [1, 1] sd: [1, 1]
mu: [1, 1] sd: [1, 1]
0.232771028845 0 0.5
0.232771028845 1 0.5
mu: [1, 1] sd: [1, 1]
mu: [1, 1] sd: [1, 1]
0.230353339843 0 0.5
0.230353339843 1 0.5
mu: [1, 1] sd: [1, 1]
mu: [1, 1] sd: [1, 1]
0.227937921707 0 0.5
0.227937921707 1 0.5
mu: [1, 1] sd: [1, 1]
mu: [1, 1] sd: [1, 1]
3.90804754852e-23 0 0.5
3.90804754852e-23 1 0.5
mu: [1, 1] sd: [1, 1]
mu: [1, 1] sd: [1, 1]
0.223115723108 0 0.5
0.223115723108 1 0.5
mu: [1, 1] sd: [1, 1]
mu: [1, 1] sd: [1, 1]
0.220709840966 0 0.5
0.220709840966 1 0.5
mu: [1, 1] sd: [1, 1]
mu: [1, 1] sd: [1, 1]
2.12220862485e-23 0 0.5
2.12220862485e-23 1 0.5
mu: [1, 1] sd: [1, 1]
mu: [1, 1] sd: [1, 1]
1.73001295683e-23 0 0.5
1.73001295683e-23 1 0.5
mu: [1, 1] sd: [1, 1]
mu: [1, 1] sd: [1, 1]
0.213518329778 0 0.5
0.213518329778 1 0.5
mu: [1, 1] sd: [1, 1]
mu: [1, 1] sd: [1, 1]
1.14828507383e-23 0 0.5
1.14828507383e-23 1 0.5
mu: [1, 1] sd: [1, 1]
mu: [1, 1] sd: [1, 1]
0.20875003576 0 0.5
0.20875003576 1 0.5
mu: [1, 1] sd: [1, 1]
mu: [1, 1] sd: [1, 1]
0.206374950158 0 0.5
0.206374950158 1 0.5
mu: [1, 1] sd: [1, 1]
mu: [1, 1] sd: [1, 1]
0.204006444927 0 0.5
0.204006444927 1 0.5
mu: [1, 1] sd: [1, 1]
mu: [1, 1] sd: [1, 1]
0.201644916447 0 0.5
0.201644916447 1 0.5
mu: [1, 1] sd: [1, 1]
mu: [1, 1] sd: [1, 1]
0.199290754447 0 0.5
0.199290754447 1 0.5
mu: [1, 1] sd: [1, 1]
mu: [1, 1] sd: [1, 1]
0.196944341922 0 0.5
0.196944341922 1 0.5
mu: [1, 1] sd: [1, 1]
mu: [1, 1] sd: [1, 1]
0.194606055062 0 0.5
0.194606055062 1 0.5
mu: [1, 1] sd: [1, 1]
mu: [1, 1] sd: [1, 1]
0.192276263182 0 0.5
0.192276263182 1 0.5
mu: [1, 1] sd: [1, 1]
mu: [1, 1] sd: [1, 1]
1.78006188993e-24 0 0.5
1.78006188993e-24 1 0.5
mu: [1, 1] sd: [1, 1]
mu: [1, 1] sd: [1, 1]
0.187643606852 0 0.5
0.187643606852 1 0.5
mu: [1, 1] sd: [1, 1]
mu: [1, 1] sd: [1, 1]
0.185341446084 0 0.5
0.185341446084 1 0.5
mu: [1, 1] sd: [1, 1]
mu: [1, 1] sd: [1, 1]
9.49358798449e-25 0 0.5
9.49358798449e-25 1 0.5
mu: [1, 1] sd: [1, 1]
mu: [1, 1] sd: [1, 1]
0.180767165287 0 0.5
0.180767165287 1 0.5
mu: [1, 1] sd: [1, 1]
mu: [1, 1] sd: [1, 1]
6.23098782314e-25 0 0.5
6.23098782314e-25 1 0.5
mu: [1, 1] sd: [1, 1]
mu: [1, 1] sd: [1, 1]
0.176235129662 0 0.5
0.176235129662 1 0.5
mu: [1, 1] sd: [1, 1]
mu: [1, 1] sd: [1, 1]
0.17398574819 0 0.5
0.17398574819 1 0.5
mu: [1, 1] sd: [1, 1]
mu: [1, 1] sd: [1, 1]
3.30324809863e-25 0 0.5
3.30324809863e-25 1 0.5
mu: [1, 1] sd: [1, 1]
mu: [1, 1] sd: [1, 1]
0.169521782855 0 0.5
0.169521782855 1 0.5
mu: [1, 1] sd: [1, 1]
mu: [1, 1] sd: [1, 1]
2.15936997797e-25 0 0.5
2.15936997797e-25 1 0.5
mu: [1, 1] sd: [1, 1]
mu: [1, 1] sd: [1, 1]
0.165106161801 0 0.5
0.165106161801 1 0.5
mu: [1, 1] sd: [1, 1]
mu: [1, 1] sd: [1, 1]
0.162917182985 0 0.5
0.162917182985 1 0.5
mu: [1, 1] sd: [1, 1]
mu: [1, 1] sd: [1, 1]
1.13789021782e-25 0 0.5
1.13789021782e-25 1 0.5
mu: [1, 1] sd: [1, 1]
mu: [1, 1] sd: [1, 1]
9.18353743603e-26 0 0.5
9.18353743603e-26 1 0.5
mu: [1, 1] sd: [1, 1]
mu: [1, 1] sd: [1, 1]
0.156428768029 0 0.5
0.156428768029 1 0.5
mu: [1, 1] sd: [1, 1]
mu: [1, 1] sd: [1, 1]
5.97457582212e-26 0 0.5
5.97457582212e-26 1 0.5
mu: [1, 1] sd: [1, 1]
mu: [1, 1] sd: [1, 1]
4.81608913996e-26 0 0.5
4.81608913996e-26 1 0.5
mu: [1, 1] sd: [1, 1]
mu: [1, 1] sd: [1, 1]
3.88068051818e-26 0 0.5
3.88068051818e-26 1 0.5
mu: [1, 1] sd: [1, 1]
mu: [1, 1] sd: [1, 1]
3.12569932113e-26 0 0.5
3.12569932113e-26 1 0.5
mu: [1, 1] sd: [1, 1]
mu: [1, 1] sd: [1, 1]
2.51658985035e-26 0 0.5
2.51658985035e-26 1 0.5
mu: [1, 1] sd: [1, 1]
mu: [1, 1] sd: [1, 1]
0.143827240158 0 0.5
0.143827240158 1 0.5
mu: [1, 1] sd: [1, 1]
mu: [1, 1] sd: [1, 1]
0.141778244032 0 0.5
0.141778244032 1 0.5
mu: [1, 1] sd: [1, 1]
mu: [1, 1] sd: [1, 1]
0.139744435243 0 0.5
0.139744435243 1 0.5
mu: [1, 1] sd: [1, 1]
mu: [1, 1] sd: [1, 1]
0.137726000561 0 0.5
0.137726000561 1 0.5
mu: [1, 1] sd: [1, 1]
mu: [1, 1] sd: [1, 1]
8.463064795e-27 0 0.5
8.463064795e-27 1 0.5
mu: [1, 1] sd: [1, 1]
mu: [1, 1] sd: [1, 1]
0.133735964254 0 0.5
0.133735964254 1 0.5
mu: [1, 1] sd: [1, 1]
mu: [1, 1] sd: [1, 1]
5.45751949538e-27 0 0.5
5.45751949538e-27 1 0.5
mu: [1, 1] sd: [1, 1]
mu: [1, 1] sd: [1, 1]
4.37993849571e-27 0 0.5
4.37993849571e-27 1 0.5
mu: [1, 1] sd: [1, 1]
mu: [1, 1] sd: [1, 1]
0.127870468367 0 0.5
0.127870468367 1 0.5
mu: [1, 1] sd: [1, 1]
mu: [1, 1] sd: [1, 1]
2.81767726239e-27 0 0.5
2.81767726239e-27 1 0.5
mu: [1, 1] sd: [1, 1]
mu: [1, 1] sd: [1, 1]
2.25861270326e-27 0 0.5
2.25861270326e-27 1 0.5
mu: [1, 1] sd: [1, 1]
mu: [1, 1] sd: [1, 1]
1.80974847664e-27 0 0.5
1.80974847664e-27 1 0.5
mu: [1, 1] sd: [1, 1]
mu: [1, 1] sd: [1, 1]
1.44950796881e-27 0 0.5
1.44950796881e-27 1 0.5
mu: [1, 1] sd: [1, 1]
mu: [1, 1] sd: [1, 1]
1.16051011219e-27 0 0.5
1.16051011219e-27 1 0.5
mu: [1, 1] sd: [1, 1]
mu: [1, 1] sd: [1, 1]
9.28759320466e-28 0 0.5
9.28759320466e-28 1 0.5
mu: [1, 1] sd: [1, 1]
mu: [1, 1] sd: [1, 1]
0.114762133442 0 0.5
0.114762133442 1 0.5
mu: [1, 1] sd: [1, 1]
mu: [1, 1] sd: [1, 1]
0.112957302563 0 0.5
0.112957302563 1 0.5
mu: [1, 1] sd: [1, 1]
mu: [1, 1] sd: [1, 1]
4.7492120246e-28 0 0.5
4.7492120246e-28 1 0.5
mu: [1, 1] sd: [1, 1]
mu: [1, 1] sd: [1, 1]
3.79471838814e-28 0 0.5
3.79471838814e-28 1 0.5
mu: [1, 1] sd: [1, 1]
mu: [1, 1] sd: [1, 1]
0.107646598927 0 0.5
0.107646598927 1 0.5
mu: [1, 1] sd: [1, 1]
mu: [1, 1] sd: [1, 1]
0.105911214152 0 0.5
0.105911214152 1 0.5
mu: [1, 1] sd: [1, 1]
mu: [1, 1] sd: [1, 1]
1.9311194427e-28 0 0.5
1.9311194427e-28 1 0.5
mu: [1, 1] sd: [1, 1]
mu: [1, 1] sd: [1, 1]
1.54053250547e-28 0 0.5
1.54053250547e-28 1 0.5
mu: [1, 1] sd: [1, 1]
mu: [1, 1] sd: [1, 1]
0.100810495557 0 0.5
0.100810495557 1 0.5
mu: [1, 1] sd: [1, 1]
mu: [1, 1] sd: [1, 1]
0.0991455708615 0 0.5
0.0991455708615 1 0.5
mu: [1, 1] sd: [1, 1]
mu: [1, 1] sd: [1, 1]
7.80210268856e-29 0 0.5
7.80210268856e-29 1 0.5
mu: [1, 1] sd: [1, 1]
mu: [1, 1] sd: [1, 1]
0.095868935373 0 0.5
0.095868935373 1 0.5
mu: [1, 1] sd: [1, 1]
mu: [1, 1] sd: [1, 1]
4.94730323485e-29 0 0.5
4.94730323485e-29 1 0.5
mu: [1, 1] sd: [1, 1]
mu: [1, 1] sd: [1, 1]
3.93718539946e-29 0 0.5
3.93718539946e-29 1 0.5
mu: [1, 1] sd: [1, 1]
mu: [1, 1] sd: [1, 1]
0.091087422188 0 0.5
0.091087422188 1 0.5
mu: [1, 1] sd: [1, 1]
mu: [1, 1] sd: [1, 1]
0.0895292365241 0 0.5
0.0895292365241 1 0.5
mu: [1, 1] sd: [1, 1]
mu: [1, 1] sd: [1, 1]
0.0879888889858 0 0.5
0.0879888889858 1 0.5
mu: [1, 1] sd: [1, 1]
mu: [1, 1] sd: [1, 1]
0.0864663786846 0 0.5
0.0864663786846 1 0.5
mu: [1, 1] sd: [1, 1]
mu: [1, 1] sd: [1, 1]
1.24928509165e-29 0 0.5
1.24928509165e-29 1 0.5
mu: [1, 1] sd: [1, 1]
mu: [1, 1] sd: [1, 1]
9.91823738091e-30 0 0.5
9.91823738091e-30 1 0.5
mu: [1, 1] sd: [1, 1]
mu: [1, 1] sd: [1, 1]
7.87106273124e-30 0 0.5
7.87106273124e-30 1 0.5
mu: [1, 1] sd: [1, 1]
mu: [1, 1] sd: [1, 1]
6.24393226614e-30 0 0.5
6.24393226614e-30 1 0.5
mu: [1, 1] sd: [1, 1]
mu: [1, 1] sd: [1, 1]
4.95118241254e-30 0 0.5
4.95118241254e-30 1 0.5
mu: [1, 1] sd: [1, 1]
mu: [1, 1] sd: [1, 1]
3.92451149096e-30 0 0.5
3.92451149096e-30 1 0.5
mu: [1, 1] sd: [1, 1]
mu: [1, 1] sd: [1, 1]
0.0763070855197 0 0.5
0.0763070855197 1 0.5
mu: [1, 1] sd: [1, 1]
mu: [1, 1] sd: [1, 1]
0.0749266251407 0 0.5
0.0749266251407 1 0.5
mu: [1, 1] sd: [1, 1]
mu: [1, 1] sd: [1, 1]
0.0735637669886 0 0.5
0.0735637669886 1 0.5
mu: [1, 1] sd: [1, 1]
mu: [1, 1] sd: [1, 1]
1.54294931395e-30 0 0.5
1.54294931395e-30 1 0.5
mu: [1, 1] sd: [1, 1]
mu: [1, 1] sd: [1, 1]
0.0708906548375 0 0.5
0.0708906548375 1 0.5
mu: [1, 1] sd: [1, 1]
mu: [1, 1] sd: [1, 1]
0.0695802888648 0 0.5
0.0695802888648 1 0.5
mu: [1, 1] sd: [1, 1]
mu: [1, 1] sd: [1, 1]
7.62866440772e-31 0 0.5
7.62866440772e-31 1 0.5
mu: [1, 1] sd: [1, 1]
mu: [1, 1] sd: [1, 1]
0.0670116261185 0 0.5
0.0670116261185 1 0.5
mu: [1, 1] sd: [1, 1]
mu: [1, 1] sd: [1, 1]
4.76039234996e-31 0 0.5
4.76039234996e-31 1 0.5
mu: [1, 1] sd: [1, 1]
mu: [1, 1] sd: [1, 1]
3.758190316e-31 0 0.5
3.758190316e-31 1 0.5
mu: [1, 1] sd: [1, 1]
mu: [1, 1] sd: [1, 1]
0.0632877531372 0 0.5
0.0632877531372 1 0.5
mu: [1, 1] sd: [1, 1]
mu: [1, 1] sd: [1, 1]
2.33952996981e-31 0 0.5
2.33952996981e-31 1 0.5
mu: [1, 1] sd: [1, 1]
mu: [1, 1] sd: [1, 1]
0.0608903460809 0 0.5
0.0608903460809 1 0.5
mu: [1, 1] sd: [1, 1]
mu: [1, 1] sd: [1, 1]
0.0597169406408 0 0.5
0.0597169406408 1 0.5
mu: [1, 1] sd: [1, 1]
mu: [1, 1] sd: [1, 1]
1.14563925332e-31 0 0.5
1.14563925332e-31 1 0.5
mu: [1, 1] sd: [1, 1]
mu: [1, 1] sd: [1, 1]
9.02276220308e-32 0 0.5
9.02276220308e-32 1 0.5
mu: [1, 1] sd: [1, 1]
mu: [1, 1] sd: [1, 1]
7.1032495399e-32 0 0.5
7.1032495399e-32 1 0.5
mu: [1, 1] sd: [1, 1]
mu: [1, 1] sd: [1, 1]
0.0551897996147 0 0.5
0.0551897996147 1 0.5
mu: [1, 1] sd: [1, 1]
mu: [1, 1] sd: [1, 1]
4.3971369818e-32 0 0.5
4.3971369818e-32 1 0.5
mu: [1, 1] sd: [1, 1]
mu: [1, 1] sd: [1, 1]
3.4575252326e-32 0 0.5
3.4575252326e-32 1 0.5
mu: [1, 1] sd: [1, 1]
mu: [1, 1] sd: [1, 1]
0.0519664254796 0 0.5
0.0519664254796 1 0.5
mu: [1, 1] sd: [1, 1]
mu: [1, 1] sd: [1, 1]
0.0509241538038 0 0.5
0.0509241538038 1 0.5
mu: [1, 1] sd: [1, 1]
mu: [1, 1] sd: [1, 1]
1.67689956789e-32 0 0.5
1.67689956789e-32 1 0.5
mu: [1, 1] sd: [1, 1]
mu: [1, 1] sd: [1, 1]
1.31645540775e-32 0 0.5
1.31645540775e-32 1 0.5
mu: [1, 1] sd: [1, 1]
mu: [1, 1] sd: [1, 1]
0.0478922952827 0 0.5
0.0478922952827 1 0.5
mu: [1, 1] sd: [1, 1]
mu: [1, 1] sd: [1, 1]
0.0469129304254 0 0.5
0.0469129304254 1 0.5
mu: [1, 1] sd: [1, 1]
mu: [1, 1] sd: [1, 1]
6.35417334531e-33 0 0.5
6.35417334531e-33 1 0.5
mu: [1, 1] sd: [1, 1]
mu: [1, 1] sd: [1, 1]
0.0450003440232 0 0.5
0.0450003440232 1 0.5
mu: [1, 1] sd: [1, 1]
mu: [1, 1] sd: [1, 1]
0.0440668690701 0 0.5
0.0440668690701 1 0.5
mu: [1, 1] sd: [1, 1]
mu: [1, 1] sd: [1, 1]
0.043148434166 0 0.5
0.043148434166 1 0.5
mu: [1, 1] sd: [1, 1]
mu: [1, 1] sd: [1, 1]
2.39235713344e-33 0 0.5
2.39235713344e-33 1 0.5
mu: [1, 1] sd: [1, 1]
mu: [1, 1] sd: [1, 1]
1.872115272e-33 0 0.5
1.872115272e-33 1 0.5
mu: [1, 1] sd: [1, 1]
mu: [1, 1] sd: [1, 1]
0.0404820480362 0 0.5
0.0404820480362 1 0.5
mu: [1, 1] sd: [1, 1]
mu: [1, 1] sd: [1, 1]
1.1450475897e-33 0 0.5
1.1450475897e-33 1 0.5
mu: [1, 1] sd: [1, 1]
mu: [1, 1] sd: [1, 1]
0.038777206338 0 0.5
0.038777206338 1 0.5
mu: [1, 1] sd: [1, 1]
mu: [1, 1] sd: [1, 1]
6.99227056169e-34 0 0.5
6.99227056169e-34 1 0.5
mu: [1, 1] sd: [1, 1]
mu: [1, 1] sd: [1, 1]
0.0371292770898 0 0.5
0.0371292770898 1 0.5
mu: [1, 1] sd: [1, 1]
mu: [1, 1] sd: [1, 1]
0.0363263034839 0 0.5
0.0363263034839 1 0.5
mu: [1, 1] sd: [1, 1]
mu: [1, 1] sd: [1, 1]
3.32663201893e-34 0 0.5
3.32663201893e-34 1 0.5
mu: [1, 1] sd: [1, 1]
mu: [1, 1] sd: [1, 1]
0.0347616261231 0 0.5
0.0347616261231 1 0.5
mu: [1, 1] sd: [1, 1]
mu: [1, 1] sd: [1, 1]
0.0339996344913 0 0.5
0.0339996344913 1 0.5
mu: [1, 1] sd: [1, 1]
mu: [1, 1] sd: [1, 1]
1.576974643e-34 0 0.5
1.576974643e-34 1 0.5
mu: [1, 1] sd: [1, 1]
mu: [1, 1] sd: [1, 1]
0.0325156190649 0 0.5
0.0325156190649 1 0.5
mu: [1, 1] sd: [1, 1]
mu: [1, 1] sd: [1, 1]
9.56829035928e-35 0 0.5
9.56829035928e-35 1 0.5
mu: [1, 1] sd: [1, 1]
mu: [1, 1] sd: [1, 1]
7.44865852859e-35 0 0.5
7.44865852859e-35 1 0.5
mu: [1, 1] sd: [1, 1]
mu: [1, 1] sd: [1, 1]
5.79625813919e-35 0 0.5
5.79625813919e-35 1 0.5
mu: [1, 1] sd: [1, 1]
mu: [1, 1] sd: [1, 1]
0.0297033468883 0 0.5
0.0297033468883 1 0.5
mu: [1, 1] sd: [1, 1]
mu: [1, 1] sd: [1, 1]
3.50561992431e-35 0 0.5
3.50561992431e-35 1 0.5
mu: [1, 1] sd: [1, 1]
mu: [1, 1] sd: [1, 1]
0.0283727197659 0 0.5
0.0283727197659 1 0.5
mu: [1, 1] sd: [1, 1]
mu: [1, 1] sd: [1, 1]
2.11682850649e-35 0 0.5
2.11682850649e-35 1 0.5
mu: [1, 1] sd: [1, 1]
mu: [1, 1] sd: [1, 1]
0.0270908408107 0 0.5
0.0270908408107 1 0.5
mu: [1, 1] sd: [1, 1]
mu: [1, 1] sd: [1, 1]
1.27617507794e-35 0 0.5
1.27617507794e-35 1 0.5
mu: [1, 1] sd: [1, 1]
mu: [1, 1] sd: [1, 1]
0.025856511725 0 0.5
0.025856511725 1 0.5
mu: [1, 1] sd: [1, 1]
mu: [1, 1] sd: [1, 1]
7.68136814347e-36 0 0.5
7.68136814347e-36 1 0.5
mu: [1, 1] sd: [1, 1]
mu: [1, 1] sd: [1, 1]
5.95582106882e-36 0 0.5
5.95582106882e-36 1 0.5
mu: [1, 1] sd: [1, 1]
mu: [1, 1] sd: [1, 1]
4.61605141797e-36 0 0.5
4.61605141797e-36 1 0.5
mu: [1, 1] sd: [1, 1]
mu: [1, 1] sd: [1, 1]
3.57623103755e-36 0 0.5
3.57623103755e-36 1 0.5
mu: [1, 1] sd: [1, 1]
mu: [1, 1] sd: [1, 1]
0.0229708476549 0 0.5
0.0229708476549 1 0.5
mu: [1, 1] sd: [1, 1]
mu: [1, 1] sd: [1, 1]
0.0224268299303 0 0.5
0.0224268299303 1 0.5
mu: [1, 1] sd: [1, 1]
mu: [1, 1] sd: [1, 1]
0.0218935023117 0 0.5
0.0218935023117 1 0.5
mu: [1, 1] sd: [1, 1]
mu: [1, 1] sd: [1, 1]
0.021370716183 0 0.5
0.021370716183 1 0.5
mu: [1, 1] sd: [1, 1]
mu: [1, 1] sd: [1, 1]
9.92177177906e-37 0 0.5
9.92177177906e-37 1 0.5
mu: [1, 1] sd: [1, 1]
mu: [1, 1] sd: [1, 1]
7.66831189868e-37 0 0.5
7.66831189868e-37 1 0.5
mu: [1, 1] sd: [1, 1]
mu: [1, 1] sd: [1, 1]
0.0198641270281 0 0.5
0.0198641270281 1 0.5
mu: [1, 1] sd: [1, 1]
mu: [1, 1] sd: [1, 1]
4.57507948037e-37 0 0.5
4.57507948037e-37 1 0.5
mu: [1, 1] sd: [1, 1]
mu: [1, 1] sd: [1, 1]
0.0189097377728 0 0.5
0.0189097377728 1 0.5
mu: [1, 1] sd: [1, 1]
mu: [1, 1] sd: [1, 1]
2.72521803605e-37 0 0.5
2.72521803605e-37 1 0.5
mu: [1, 1] sd: [1, 1]
mu: [1, 1] sd: [1, 1]
2.10204235003e-37 0 0.5
2.10204235003e-37 1 0.5
mu: [1, 1] sd: [1, 1]
mu: [1, 1] sd: [1, 1]
0.0175502443305 0 0.5
0.0175502443305 1 0.5
mu: [1, 1] sd: [1, 1]
mu: [1, 1] sd: [1, 1]
1.2491071041e-37 0 0.5
1.2491071041e-37 1 0.5
mu: [1, 1] sd: [1, 1]
mu: [1, 1] sd: [1, 1]
9.6231595888e-38 0 0.5
9.6231595888e-38 1 0.5
mu: [1, 1] sd: [1, 1]
mu: [1, 1] sd: [1, 1]
7.41074094682e-38 0 0.5
7.41074094682e-38 1 0.5
mu: [1, 1] sd: [1, 1]
mu: [1, 1] sd: [1, 1]
0.0158661230327 0 0.5
0.0158661230327 1 0.5
mu: [1, 1] sd: [1, 1]
mu: [1, 1] sd: [1, 1]
4.38962401274e-38 0 0.5
4.38962401274e-38 1 0.5
mu: [1, 1] sd: [1, 1]
mu: [1, 1] sd: [1, 1]
3.37636251266e-38 0 0.5
3.37636251266e-38 1 0.5
mu: [1, 1] sd: [1, 1]
mu: [1, 1] sd: [1, 1]
0.0146944939052 0 0.5
0.0146944939052 1 0.5
mu: [1, 1] sd: [1, 1]
mu: [1, 1] sd: [1, 1]
1.99512617327e-38 0 0.5
1.99512617327e-38 1 0.5
mu: [1, 1] sd: [1, 1]
mu: [1, 1] sd: [1, 1]
0.0139548849769 0 0.5
0.0139548849769 1 0.5
mu: [1, 1] sd: [1, 1]
mu: [1, 1] sd: [1, 1]
1.17705132159e-38 0 0.5
1.17705132159e-38 1 0.5
mu: [1, 1] sd: [1, 1]
mu: [1, 1] sd: [1, 1]
9.03538821692e-39 0 0.5
9.03538821692e-39 1 0.5
mu: [1, 1] sd: [1, 1]
mu: [1, 1] sd: [1, 1]
6.93304740286e-39 0 0.5
6.93304740286e-39 1 0.5
mu: [1, 1] sd: [1, 1]
mu: [1, 1] sd: [1, 1]
0.0125703485541 0 0.5
0.0125703485541 1 0.5
mu: [1, 1] sd: [1, 1]
mu: [1, 1] sd: [1, 1]
4.07714988036e-39 0 0.5
4.07714988036e-39 1 0.5
mu: [1, 1] sd: [1, 1]
mu: [1, 1] sd: [1, 1]
0.0119233076771 0 0.5
0.0119233076771 1 0.5
mu: [1, 1] sd: [1, 1]
mu: [1, 1] sd: [1, 1]
2.39382788235e-39 0 0.5
2.39382788235e-39 1 0.5
mu: [1, 1] sd: [1, 1]
mu: [1, 1] sd: [1, 1]
0.0113050403303 0 0.5
0.0113050403303 1 0.5
mu: [1, 1] sd: [1, 1]
mu: [1, 1] sd: [1, 1]
1.40324305818e-39 0 0.5
1.40324305818e-39 1 0.5
mu: [1, 1] sd: [1, 1]
mu: [1, 1] sd: [1, 1]
1.07372185859e-39 0 0.5
1.07372185859e-39 1 0.5
mu: [1, 1] sd: [1, 1]
mu: [1, 1] sd: [1, 1]
0.0104293871771 0 0.5
0.0104293871771 1 0.5
mu: [1, 1] sd: [1, 1]
mu: [1, 1] sd: [1, 1]
6.27895515454e-40 0 0.5
6.27895515454e-40 1 0.5
mu: [1, 1] sd: [1, 1]
mu: [1, 1] sd: [1, 1]
4.79870525956e-40 0 0.5
4.79870525956e-40 1 0.5
mu: [1, 1] sd: [1, 1]
mu: [1, 1] sd: [1, 1]
3.66595141586e-40 0 0.5
3.66595141586e-40 1 0.5
mu: [1, 1] sd: [1, 1]
mu: [1, 1] sd: [1, 1]
2.79946645787e-40 0 0.5
2.79946645787e-40 1 0.5
mu: [1, 1] sd: [1, 1]
mu: [1, 1] sd: [1, 1]
0.00909982245282 0 0.5
0.00909982245282 1 0.5
mu: [1, 1] sd: [1, 1]
mu: [1, 1] sd: [1, 1]
0.00885232184504 0 0.5
0.00885232184504 1 0.5
mu: [1, 1] sd: [1, 1]
mu: [1, 1] sd: [1, 1]
1.24364538792e-40 0 0.5
1.24364538792e-40 1 0.5
mu: [1, 1] sd: [1, 1]
mu: [1, 1] sd: [1, 1]
9.4817579372e-41 0 0.5
9.4817579372e-41 1 0.5
mu: [1, 1] sd: [1, 1]
mu: [1, 1] sd: [1, 1]
7.22615209675e-41 0 0.5
7.22615209675e-41 1 0.5
mu: [1, 1] sd: [1, 1]
mu: [1, 1] sd: [1, 1]
5.50492323453e-41 0 0.5
5.50492323453e-41 1 0.5
mu: [1, 1] sd: [1, 1]
mu: [1, 1] sd: [1, 1]
4.19200092865e-41 0 0.5
4.19200092865e-41 1 0.5
mu: [1, 1] sd: [1, 1]
mu: [1, 1] sd: [1, 1]
3.19093095772e-41 0 0.5
3.19093095772e-41 1 0.5
mu: [1, 1] sd: [1, 1]
mu: [1, 1] sd: [1, 1]
2.42794798806e-41 0 0.5
2.42794798806e-41 1 0.5
mu: [1, 1] sd: [1, 1]
mu: [1, 1] sd: [1, 1]
1.84666145667e-41 0 0.5
1.84666145667e-41 1 0.5
mu: [1, 1] sd: [1, 1]
mu: [1, 1] sd: [1, 1]
1.40398065797e-41 0 0.5
1.40398065797e-41 1 0.5
mu: [1, 1] sd: [1, 1]
mu: [1, 1] sd: [1, 1]
0.00668200128845 0 0.5
0.00668200128845 1 0.5
mu: [1, 1] sd: [1, 1]
mu: [1, 1] sd: [1, 1]
8.10562686515e-42 0 0.5
8.10562686515e-42 1 0.5
mu: [1, 1] sd: [1, 1]
mu: [1, 1] sd: [1, 1]
6.1551444615e-42 0 0.5
6.1551444615e-42 1 0.5
mu: [1, 1] sd: [1, 1]
mu: [1, 1] sd: [1, 1]
0.0061293270119 0 0.5
0.0061293270119 1 0.5
mu: [1, 1] sd: [1, 1]
mu: [1, 1] sd: [1, 1]
0.00595426060314 0 0.5
0.00595426060314 1 0.5
mu: [1, 1] sd: [1, 1]
mu: [1, 1] sd: [1, 1]
0.00578361490846 0 0.5
0.00578361490846 1 0.5
mu: [1, 1] sd: [1, 1]
mu: [1, 1] sd: [1, 1]
0.0056172969385 0 0.5
0.0056172969385 1 0.5
mu: [1, 1] sd: [1, 1]
mu: [1, 1] sd: [1, 1]
0.00545521509131 0 0.5
0.00545521509131 1 0.5
mu: [1, 1] sd: [1, 1]
mu: [1, 1] sd: [1, 1]
0.0052972791486 0 0.5
0.0052972791486 1 0.5
mu: [1, 1] sd: [1, 1]
mu: [1, 1] sd: [1, 1]
0.0051434002715 0 0.5
0.0051434002715 1 0.5
mu: [1, 1] sd: [1, 1]
mu: [1, 1] sd: [1, 1]
6.70787599469e-43 0 0.5
6.70787599469e-43 1 0.5
mu: [1, 1] sd: [1, 1]
mu: [1, 1] sd: [1, 1]
0.00484746522601 0 0.5
0.00484746522601 1 0.5
mu: [1, 1] sd: [1, 1]
mu: [1, 1] sd: [1, 1]
0.00470523823053 0 0.5
0.00470523823053 1 0.5
mu: [1, 1] sd: [1, 1]
mu: [1, 1] sd: [1, 1]
0.0045667266342 0 0.5
0.0045667266342 1 0.5
mu: [1, 1] sd: [1, 1]
mu: [1, 1] sd: [1, 1]
2.19321311878e-43 0 0.5
2.19321311878e-43 1 0.5
